2845
band blast meta myelo promyelo seg
band_0002.jpg 1 -1 -1 -1 -1 -1
band_0003.jpg 1 -1 -1 -1 -1 -1
band_0004.jpg 1 -1 -1 -1 -1 -1
band_0005.jpg 1 -1 -1 -1 -1 -1
band_0006.jpg 1 -1 -1 -1 -1 -1
band_0007.jpg 1 -1 -1 -1 -1 -1
band_0008.jpg 1 -1 -1 -1 -1 -1
band_0009.jpg 1 -1 -1 -1 -1 -1
band_0010.jpg 1 -1 -1 -1 -1 -1
band_0011.jpg 1 -1 -1 -1 -1 -1
band_0012.jpg 1 -1 -1 -1 -1 -1
band_0013.jpg 1 -1 -1 -1 -1 -1
band_0014.jpg 1 -1 -1 -1 -1 -1
band_0015.jpg 1 -1 -1 -1 -1 -1
band_0016.jpg 1 -1 -1 -1 -1 -1
band_0017.jpg 1 -1 -1 -1 -1 -1
band_0018.jpg 1 -1 -1 -1 -1 -1
band_0019.jpg 1 -1 -1 -1 -1 -1
band_0020.jpg 1 -1 -1 -1 -1 -1
band_0021.jpg 1 -1 -1 -1 -1 -1
band_0022.jpg 1 -1 -1 -1 -1 -1
band_0023.jpg 1 -1 -1 -1 -1 -1
band_0024.jpg 1 -1 -1 -1 -1 -1
band_0025.jpg 1 -1 -1 -1 -1 -1
band_0026.jpg 1 -1 -1 -1 -1 -1
band_0027.jpg 1 -1 -1 -1 -1 -1
band_0028.jpg 1 -1 -1 -1 -1 -1
band_0029.jpg 1 -1 -1 -1 -1 -1
band_0030.jpg 1 -1 -1 -1 -1 -1
band_0031.jpg 1 -1 -1 -1 -1 -1
band_0032.jpg 1 -1 -1 -1 -1 -1
band_0033.jpg 1 -1 -1 -1 -1 -1
band_0034.jpg 1 -1 -1 -1 -1 -1
band_0035.jpg 1 -1 -1 -1 -1 -1
band_0036.jpg 1 -1 -1 -1 -1 -1
band_0037.jpg 1 -1 -1 -1 -1 -1
band_0038.jpg 1 -1 -1 -1 -1 -1
band_0039.jpg 1 -1 -1 -1 -1 -1
band_0040.jpg 1 -1 -1 -1 -1 -1
band_0041.jpg 1 -1 -1 -1 -1 -1
band_0042.jpg 1 -1 -1 -1 -1 -1
band_0043.jpg 1 -1 -1 -1 -1 -1
band_0044.jpg 1 -1 -1 -1 -1 -1
band_0045.jpg 1 -1 -1 -1 -1 -1
band_0046.jpg 1 -1 -1 -1 -1 -1
band_0047.jpg 1 -1 -1 -1 -1 -1
band_0048.jpg 1 -1 -1 -1 -1 -1
band_0049.jpg 1 -1 -1 -1 -1 -1
band_0050.jpg 1 -1 -1 -1 -1 -1
band_0051.jpg 1 -1 -1 -1 -1 -1
band_0052.jpg 1 -1 -1 -1 -1 -1
band_0053.jpg 1 -1 -1 -1 -1 -1
band_0054.jpg 1 -1 -1 -1 -1 -1
band_0055.jpg 1 -1 -1 -1 -1 -1
band_0056.jpg 1 -1 -1 -1 -1 -1
band_0057.jpg 1 -1 -1 -1 -1 -1
band_0058.jpg 1 -1 -1 -1 -1 -1
band_0059.jpg 1 -1 -1 -1 -1 -1
band_0060.jpg 1 -1 -1 -1 -1 -1
band_0061.jpg 1 -1 -1 -1 -1 -1
band_0062.jpg 1 -1 -1 -1 -1 -1
band_0063.jpg 1 -1 -1 -1 -1 -1
band_0064.jpg 1 -1 -1 -1 -1 -1
band_0065.jpg 1 -1 -1 -1 -1 -1
band_0066.jpg 1 -1 -1 -1 -1 -1
band_0067.jpg 1 -1 -1 -1 -1 -1
band_0068.jpg 1 -1 -1 -1 -1 -1
band_0069.jpg 1 -1 -1 -1 -1 -1
band_0070.jpg 1 -1 -1 -1 -1 -1
band_0071.jpg 1 -1 -1 -1 -1 -1
band_0072.jpg 1 -1 -1 -1 -1 -1
band_0073.jpg 1 -1 -1 -1 -1 -1
band_0074.jpg 1 -1 -1 -1 -1 -1
band_0075.jpg 1 -1 -1 -1 -1 -1
band_0076.jpg 1 -1 -1 -1 -1 -1
band_0077.jpg 1 -1 -1 -1 -1 -1
band_0078.jpg 1 -1 -1 -1 -1 -1
band_0079.jpg 1 -1 -1 -1 -1 -1
band_0080.jpg 1 -1 -1 -1 -1 -1
band_0081.jpg 1 -1 -1 -1 -1 -1
band_0082.jpg 1 -1 -1 -1 -1 -1
band_0083.jpg 1 -1 -1 -1 -1 -1
band_0084.jpg 1 -1 -1 -1 -1 -1
band_0085.jpg 1 -1 -1 -1 -1 -1
band_0086.jpg 1 -1 -1 -1 -1 -1
band_0087.jpg 1 -1 -1 -1 -1 -1
band_0088.jpg 1 -1 -1 -1 -1 -1
band_0089.jpg 1 -1 -1 -1 -1 -1
band_0090.jpg 1 -1 -1 -1 -1 -1
band_0091.jpg 1 -1 -1 -1 -1 -1
band_0092.jpg 1 -1 -1 -1 -1 -1
band_0093.jpg 1 -1 -1 -1 -1 -1
band_0094.jpg 1 -1 -1 -1 -1 -1
band_0095.jpg 1 -1 -1 -1 -1 -1
band_0096.jpg 1 -1 -1 -1 -1 -1
band_0097.jpg 1 -1 -1 -1 -1 -1
band_0098.jpg 1 -1 -1 -1 -1 -1
band_0099.jpg 1 -1 -1 -1 -1 -1
band_0100.jpg 1 -1 -1 -1 -1 -1
band_0101.jpg 1 -1 -1 -1 -1 -1
band_0102.jpg 1 -1 -1 -1 -1 -1
band_0103.jpg 1 -1 -1 -1 -1 -1
band_0104.jpg 1 -1 -1 -1 -1 -1
band_0105.jpg 1 -1 -1 -1 -1 -1
band_0106.jpg 1 -1 -1 -1 -1 -1
band_0107.jpg 1 -1 -1 -1 -1 -1
band_0108.jpg 1 -1 -1 -1 -1 -1
band_0109.jpg 1 -1 -1 -1 -1 -1
band_0110.jpg 1 -1 -1 -1 -1 -1
band_0111.jpg 1 -1 -1 -1 -1 -1
band_0112.jpg 1 -1 -1 -1 -1 -1
band_0113.jpg 1 -1 -1 -1 -1 -1
band_0114.jpg 1 -1 -1 -1 -1 -1
band_0115.jpg 1 -1 -1 -1 -1 -1
band_0116.jpg 1 -1 -1 -1 -1 -1
band_0117.jpg 1 -1 -1 -1 -1 -1
band_0118.jpg 1 -1 -1 -1 -1 -1
band_0119.jpg 1 -1 -1 -1 -1 -1
band_0120.jpg 1 -1 -1 -1 -1 -1
band_0121.jpg 1 -1 -1 -1 -1 -1
band_0122.jpg 1 -1 -1 -1 -1 -1
band_0123.jpg 1 -1 -1 -1 -1 -1
band_0124.jpg 1 -1 -1 -1 -1 -1
band_0125.jpg 1 -1 -1 -1 -1 -1
band_0126.jpg 1 -1 -1 -1 -1 -1
band_0127.jpg 1 -1 -1 -1 -1 -1
band_0128.jpg 1 -1 -1 -1 -1 -1
band_0129.jpg 1 -1 -1 -1 -1 -1
band_0130.jpg 1 -1 -1 -1 -1 -1
band_0131.jpg 1 -1 -1 -1 -1 -1
band_0132.jpg 1 -1 -1 -1 -1 -1
band_0133.jpg 1 -1 -1 -1 -1 -1
band_0134.jpg 1 -1 -1 -1 -1 -1
band_0135.jpg 1 -1 -1 -1 -1 -1
band_0136.jpg 1 -1 -1 -1 -1 -1
band_0137.jpg 1 -1 -1 -1 -1 -1
band_0138.jpg 1 -1 -1 -1 -1 -1
band_0139.jpg 1 -1 -1 -1 -1 -1
band_0140.jpg 1 -1 -1 -1 -1 -1
band_0141.jpg 1 -1 -1 -1 -1 -1
band_0142.jpg 1 -1 -1 -1 -1 -1
band_0143.jpg 1 -1 -1 -1 -1 -1
band_0144.jpg 1 -1 -1 -1 -1 -1
band_0145.jpg 1 -1 -1 -1 -1 -1
band_0146.jpg 1 -1 -1 -1 -1 -1
band_0147.jpg 1 -1 -1 -1 -1 -1
band_0148.jpg 1 -1 -1 -1 -1 -1
band_0149.jpg 1 -1 -1 -1 -1 -1
band_0150.jpg 1 -1 -1 -1 -1 -1
band_0151.jpg 1 -1 -1 -1 -1 -1
band_0152.jpg 1 -1 -1 -1 -1 -1
band_0153.jpg 1 -1 -1 -1 -1 -1
band_0154.jpg 1 -1 -1 -1 -1 -1
band_0155.jpg 1 -1 -1 -1 -1 -1
band_0156.jpg 1 -1 -1 -1 -1 -1
band_0157.jpg 1 -1 -1 -1 -1 -1
band_0158.jpg 1 -1 -1 -1 -1 -1
band_0159.jpg 1 -1 -1 -1 -1 -1
band_0160.jpg 1 -1 -1 -1 -1 -1
band_0161.jpg 1 -1 -1 -1 -1 -1
band_0162.jpg 1 -1 -1 -1 -1 -1
band_0163.jpg 1 -1 -1 -1 -1 -1
band_0164.jpg 1 -1 -1 -1 -1 -1
band_0165.jpg 1 -1 -1 -1 -1 -1
band_0166.jpg 1 -1 -1 -1 -1 -1
band_0167.jpg 1 -1 -1 -1 -1 -1
band_0168.jpg 1 -1 -1 -1 -1 -1
band_0169.jpg 1 -1 -1 -1 -1 -1
band_0170.jpg 1 -1 -1 -1 -1 -1
band_0171.jpg 1 -1 -1 -1 -1 -1
band_0172.jpg 1 -1 -1 -1 -1 -1
band_0173.jpg 1 -1 -1 -1 -1 -1
band_0174.jpg 1 -1 -1 -1 -1 -1
band_0175.jpg 1 -1 -1 -1 -1 -1
band_0176.jpg 1 -1 -1 -1 -1 -1
band_0177.jpg 1 -1 -1 -1 -1 -1
band_0178.jpg 1 -1 -1 -1 -1 -1
band_0179.jpg 1 -1 -1 -1 -1 -1
band_0180.jpg 1 -1 -1 -1 -1 -1
band_0181.jpg 1 -1 -1 -1 -1 -1
band_0182.jpg 1 -1 -1 -1 -1 -1
band_0183.jpg 1 -1 -1 -1 -1 -1
band_0184.jpg 1 -1 -1 -1 -1 -1
band_0185.jpg 1 -1 -1 -1 -1 -1
band_0186.jpg 1 -1 -1 -1 -1 -1
band_0187.jpg 1 -1 -1 -1 -1 -1
band_0188.jpg 1 -1 -1 -1 -1 -1
band_0189.jpg 1 -1 -1 -1 -1 -1
band_0190.jpg 1 -1 -1 -1 -1 -1
band_0191.jpg 1 -1 -1 -1 -1 -1
band_0192.jpg 1 -1 -1 -1 -1 -1
band_0193.jpg 1 -1 -1 -1 -1 -1
band_0194.jpg 1 -1 -1 -1 -1 -1
band_0195.jpg 1 -1 -1 -1 -1 -1
band_0196.jpg 1 -1 -1 -1 -1 -1
band_0197.jpg 1 -1 -1 -1 -1 -1
band_0198.jpg 1 -1 -1 -1 -1 -1
band_0199.jpg 1 -1 -1 -1 -1 -1
band_0200.jpg 1 -1 -1 -1 -1 -1
band_0201.jpg 1 -1 -1 -1 -1 -1
band_0202.jpg 1 -1 -1 -1 -1 -1
band_0203.jpg 1 -1 -1 -1 -1 -1
band_0204.jpg 1 -1 -1 -1 -1 -1
band_0205.jpg 1 -1 -1 -1 -1 -1
band_0206.jpg 1 -1 -1 -1 -1 -1
band_0207.jpg 1 -1 -1 -1 -1 -1
band_0208.jpg 1 -1 -1 -1 -1 -1
band_0209.jpg 1 -1 -1 -1 -1 -1
band_0210.jpg 1 -1 -1 -1 -1 -1
band_0211.jpg 1 -1 -1 -1 -1 -1
band_0212.jpg 1 -1 -1 -1 -1 -1
band_0213.jpg 1 -1 -1 -1 -1 -1
band_0214.jpg 1 -1 -1 -1 -1 -1
band_0215.jpg 1 -1 -1 -1 -1 -1
band_0216.jpg 1 -1 -1 -1 -1 -1
band_0217.jpg 1 -1 -1 -1 -1 -1
band_0218.jpg 1 -1 -1 -1 -1 -1
band_0219.jpg 1 -1 -1 -1 -1 -1
band_0220.jpg 1 -1 -1 -1 -1 -1
band_0221.jpg 1 -1 -1 -1 -1 -1
band_0222.jpg 1 -1 -1 -1 -1 -1
band_0223.jpg 1 -1 -1 -1 -1 -1
band_0224.jpg 1 -1 -1 -1 -1 -1
band_0225.jpg 1 -1 -1 -1 -1 -1
band_0226.jpg 1 -1 -1 -1 -1 -1
band_0227.jpg 1 -1 -1 -1 -1 -1
band_0228.jpg 1 -1 -1 -1 -1 -1
band_0229.jpg 1 -1 -1 -1 -1 -1
band_0230.jpg 1 -1 -1 -1 -1 -1
band_0231.jpg 1 -1 -1 -1 -1 -1
band_0232.jpg 1 -1 -1 -1 -1 -1
band_0233.jpg 1 -1 -1 -1 -1 -1
band_0234.jpg 1 -1 -1 -1 -1 -1
band_0235.jpg 1 -1 -1 -1 -1 -1
band_0236.jpg 1 -1 -1 -1 -1 -1
band_0237.jpg 1 -1 -1 -1 -1 -1
band_0238.jpg 1 -1 -1 -1 -1 -1
band_0239.jpg 1 -1 -1 -1 -1 -1
band_0240.jpg 1 -1 -1 -1 -1 -1
band_0241.jpg 1 -1 -1 -1 -1 -1
band_0242.jpg 1 -1 -1 -1 -1 -1
band_0243.jpg 1 -1 -1 -1 -1 -1
band_0244.jpg 1 -1 -1 -1 -1 -1
band_0245.jpg 1 -1 -1 -1 -1 -1
band_0246.jpg 1 -1 -1 -1 -1 -1
band_0247.jpg 1 -1 -1 -1 -1 -1
band_0248.jpg 1 -1 -1 -1 -1 -1
band_0249.jpg 1 -1 -1 -1 -1 -1
band_0250.jpg 1 -1 -1 -1 -1 -1
band_0251.jpg 1 -1 -1 -1 -1 -1
band_0252.jpg 1 -1 -1 -1 -1 -1
band_0253.jpg 1 -1 -1 -1 -1 -1
band_0254.jpg 1 -1 -1 -1 -1 -1
band_0255.jpg 1 -1 -1 -1 -1 -1
band_0256.jpg 1 -1 -1 -1 -1 -1
band_0257.jpg 1 -1 -1 -1 -1 -1
band_0258.jpg 1 -1 -1 -1 -1 -1
band_0259.jpg 1 -1 -1 -1 -1 -1
band_0260.jpg 1 -1 -1 -1 -1 -1
band_0261.jpg 1 -1 -1 -1 -1 -1
band_0262.jpg 1 -1 -1 -1 -1 -1
band_0263.jpg 1 -1 -1 -1 -1 -1
band_0264.jpg 1 -1 -1 -1 -1 -1
band_0265.jpg 1 -1 -1 -1 -1 -1
band_0266.jpg 1 -1 -1 -1 -1 -1
band_0267.jpg 1 -1 -1 -1 -1 -1
band_0268.jpg 1 -1 -1 -1 -1 -1
band_0269.jpg 1 -1 -1 -1 -1 -1
band_0270.jpg 1 -1 -1 -1 -1 -1
band_0271.jpg 1 -1 -1 -1 -1 -1
band_0272.jpg 1 -1 -1 -1 -1 -1
band_0273.jpg 1 -1 -1 -1 -1 -1
band_0274.jpg 1 -1 -1 -1 -1 -1
band_0275.jpg 1 -1 -1 -1 -1 -1
band_0276.jpg 1 -1 -1 -1 -1 -1
band_0277.jpg 1 -1 -1 -1 -1 -1
band_0278.jpg 1 -1 -1 -1 -1 -1
band_0279.jpg 1 -1 -1 -1 -1 -1
band_0280.jpg 1 -1 -1 -1 -1 -1
band_0281.jpg 1 -1 -1 -1 -1 -1
band_0282.jpg 1 -1 -1 -1 -1 -1
band_0283.jpg 1 -1 -1 -1 -1 -1
band_0284.jpg 1 -1 -1 -1 -1 -1
band_0285.jpg 1 -1 -1 -1 -1 -1
band_0286.jpg 1 -1 -1 -1 -1 -1
band_0287.jpg 1 -1 -1 -1 -1 -1
band_0288.jpg 1 -1 -1 -1 -1 -1
band_0289.jpg 1 -1 -1 -1 -1 -1
band_0290.jpg 1 -1 -1 -1 -1 -1
band_0291.jpg 1 -1 -1 -1 -1 -1
band_0292.jpg 1 -1 -1 -1 -1 -1
band_0293.jpg 1 -1 -1 -1 -1 -1
band_0294.jpg 1 -1 -1 -1 -1 -1
band_0295.jpg 1 -1 -1 -1 -1 -1
band_0296.jpg 1 -1 -1 -1 -1 -1
band_0297.jpg 1 -1 -1 -1 -1 -1
band_0298.jpg 1 -1 -1 -1 -1 -1
band_0299.jpg 1 -1 -1 -1 -1 -1
band_0300.jpg 1 -1 -1 -1 -1 -1
band_0301.jpg 1 -1 -1 -1 -1 -1
band_0302.jpg 1 -1 -1 -1 -1 -1
band_0303.jpg 1 -1 -1 -1 -1 -1
band_0304.jpg 1 -1 -1 -1 -1 -1
band_0305.jpg 1 -1 -1 -1 -1 -1
band_0306.jpg 1 -1 -1 -1 -1 -1
band_0307.jpg 1 -1 -1 -1 -1 -1
band_0308.jpg 1 -1 -1 -1 -1 -1
band_0309.jpg 1 -1 -1 -1 -1 -1
band_0310.jpg 1 -1 -1 -1 -1 -1
band_0311.jpg 1 -1 -1 -1 -1 -1
band_0312.jpg 1 -1 -1 -1 -1 -1
band_0313.jpg 1 -1 -1 -1 -1 -1
band_0314.jpg 1 -1 -1 -1 -1 -1
band_0315.jpg 1 -1 -1 -1 -1 -1
band_0316.jpg 1 -1 -1 -1 -1 -1
band_0317.jpg 1 -1 -1 -1 -1 -1
band_0318.jpg 1 -1 -1 -1 -1 -1
band_0319.jpg 1 -1 -1 -1 -1 -1
band_0320.jpg 1 -1 -1 -1 -1 -1
band_0321.jpg 1 -1 -1 -1 -1 -1
band_0322.jpg 1 -1 -1 -1 -1 -1
band_0323.jpg 1 -1 -1 -1 -1 -1
band_0324.jpg 1 -1 -1 -1 -1 -1
band_0325.jpg 1 -1 -1 -1 -1 -1
band_0326.jpg 1 -1 -1 -1 -1 -1
band_0327.jpg 1 -1 -1 -1 -1 -1
band_0328.jpg 1 -1 -1 -1 -1 -1
band_0329.jpg 1 -1 -1 -1 -1 -1
band_0330.jpg 1 -1 -1 -1 -1 -1
band_0331.jpg 1 -1 -1 -1 -1 -1
band_0332.jpg 1 -1 -1 -1 -1 -1
band_0333.jpg 1 -1 -1 -1 -1 -1
band_0334.jpg 1 -1 -1 -1 -1 -1
band_0335.jpg 1 -1 -1 -1 -1 -1
band_0336.jpg 1 -1 -1 -1 -1 -1
band_0337.jpg 1 -1 -1 -1 -1 -1
band_0338.jpg 1 -1 -1 -1 -1 -1
band_0339.jpg 1 -1 -1 -1 -1 -1
band_0340.jpg 1 -1 -1 -1 -1 -1
band_0341.jpg 1 -1 -1 -1 -1 -1
band_0342.jpg 1 -1 -1 -1 -1 -1
band_0343.jpg 1 -1 -1 -1 -1 -1
band_0344.jpg 1 -1 -1 -1 -1 -1
band_0345.jpg 1 -1 -1 -1 -1 -1
band_0346.jpg 1 -1 -1 -1 -1 -1
band_0347.jpg 1 -1 -1 -1 -1 -1
band_0348.jpg 1 -1 -1 -1 -1 -1
band_0349.jpg 1 -1 -1 -1 -1 -1
band_0350.jpg 1 -1 -1 -1 -1 -1
band_0351.jpg 1 -1 -1 -1 -1 -1
band_0352.jpg 1 -1 -1 -1 -1 -1
band_0353.jpg 1 -1 -1 -1 -1 -1
band_0354.jpg 1 -1 -1 -1 -1 -1
band_0355.jpg 1 -1 -1 -1 -1 -1
band_0356.jpg 1 -1 -1 -1 -1 -1
band_0357.jpg 1 -1 -1 -1 -1 -1
band_0358.jpg 1 -1 -1 -1 -1 -1
band_0359.jpg 1 -1 -1 -1 -1 -1
band_0360.jpg 1 -1 -1 -1 -1 -1
band_0361.jpg 1 -1 -1 -1 -1 -1
band_0362.jpg 1 -1 -1 -1 -1 -1
band_0363.jpg 1 -1 -1 -1 -1 -1
band_0364.jpg 1 -1 -1 -1 -1 -1
band_0365.jpg 1 -1 -1 -1 -1 -1
band_0366.jpg 1 -1 -1 -1 -1 -1
band_0367.jpg 1 -1 -1 -1 -1 -1
band_0368.jpg 1 -1 -1 -1 -1 -1
band_0369.jpg 1 -1 -1 -1 -1 -1
band_0370.jpg 1 -1 -1 -1 -1 -1
band_0371.jpg 1 -1 -1 -1 -1 -1
band_0372.jpg 1 -1 -1 -1 -1 -1
band_0373.jpg 1 -1 -1 -1 -1 -1
band_0374.jpg 1 -1 -1 -1 -1 -1
band_0375.jpg 1 -1 -1 -1 -1 -1
band_0376.jpg 1 -1 -1 -1 -1 -1
band_0377.jpg 1 -1 -1 -1 -1 -1
band_0378.jpg 1 -1 -1 -1 -1 -1
band_0379.jpg 1 -1 -1 -1 -1 -1
band_0380.jpg 1 -1 -1 -1 -1 -1
band_0381.jpg 1 -1 -1 -1 -1 -1
band_0382.jpg 1 -1 -1 -1 -1 -1
band_0383.jpg 1 -1 -1 -1 -1 -1
band_0384.jpg 1 -1 -1 -1 -1 -1
band_0385.jpg 1 -1 -1 -1 -1 -1
band_0386.jpg 1 -1 -1 -1 -1 -1
band_0387.jpg 1 -1 -1 -1 -1 -1
band_0388.jpg 1 -1 -1 -1 -1 -1
band_0389.jpg 1 -1 -1 -1 -1 -1
band_0390.jpg 1 -1 -1 -1 -1 -1
band_0391.jpg 1 -1 -1 -1 -1 -1
band_0392.jpg 1 -1 -1 -1 -1 -1
band_0393.jpg 1 -1 -1 -1 -1 -1
band_0394.jpg 1 -1 -1 -1 -1 -1
band_0395.jpg 1 -1 -1 -1 -1 -1
band_0396.jpg 1 -1 -1 -1 -1 -1
band_0397.jpg 1 -1 -1 -1 -1 -1
band_0398.jpg 1 -1 -1 -1 -1 -1
band_0399.jpg 1 -1 -1 -1 -1 -1
band_0400.jpg 1 -1 -1 -1 -1 -1
band_0401.jpg 1 -1 -1 -1 -1 -1
band_0402.jpg 1 -1 -1 -1 -1 -1
band_0403.jpg 1 -1 -1 -1 -1 -1
band_0404.jpg 1 -1 -1 -1 -1 -1
band_0405.jpg 1 -1 -1 -1 -1 -1
band_0406.jpg 1 -1 -1 -1 -1 -1
band_0407.jpg 1 -1 -1 -1 -1 -1
band_0408.jpg 1 -1 -1 -1 -1 -1
band_0409.jpg 1 -1 -1 -1 -1 -1
band_0410.jpg 1 -1 -1 -1 -1 -1
band_0411.jpg 1 -1 -1 -1 -1 -1
band_0412.jpg 1 -1 -1 -1 -1 -1
band_0413.jpg 1 -1 -1 -1 -1 -1
band_0414.jpg 1 -1 -1 -1 -1 -1
band_0415.jpg 1 -1 -1 -1 -1 -1
band_0416.jpg 1 -1 -1 -1 -1 -1
band_0417.jpg 1 -1 -1 -1 -1 -1
band_0418.jpg 1 -1 -1 -1 -1 -1
band_0419.jpg 1 -1 -1 -1 -1 -1
band_0420.jpg 1 -1 -1 -1 -1 -1
band_0421.jpg 1 -1 -1 -1 -1 -1
band_0422.jpg 1 -1 -1 -1 -1 -1
band_0423.jpg 1 -1 -1 -1 -1 -1
band_0424.jpg 1 -1 -1 -1 -1 -1
band_0425.jpg 1 -1 -1 -1 -1 -1
band_0426.jpg 1 -1 -1 -1 -1 -1
band_0427.jpg 1 -1 -1 -1 -1 -1
band_0428.jpg 1 -1 -1 -1 -1 -1
band_0429.jpg 1 -1 -1 -1 -1 -1
band_0430.jpg 1 -1 -1 -1 -1 -1
band_0431.jpg 1 -1 -1 -1 -1 -1
band_0432.jpg 1 -1 -1 -1 -1 -1
band_0433.jpg 1 -1 -1 -1 -1 -1
band_0434.jpg 1 -1 -1 -1 -1 -1
band_0435.jpg 1 -1 -1 -1 -1 -1
band_0436.jpg 1 -1 -1 -1 -1 -1
band_0437.jpg 1 -1 -1 -1 -1 -1
band_0438.jpg 1 -1 -1 -1 -1 -1
band_0439.jpg 1 -1 -1 -1 -1 -1
band_0440.jpg 1 -1 -1 -1 -1 -1
band_0441.jpg 1 -1 -1 -1 -1 -1
band_0442.jpg 1 -1 -1 -1 -1 -1
band_0443.jpg 1 -1 -1 -1 -1 -1
band_0444.jpg 1 -1 -1 -1 -1 -1
band_0445.jpg 1 -1 -1 -1 -1 -1
band_0446.jpg 1 -1 -1 -1 -1 -1
band_0447.jpg 1 -1 -1 -1 -1 -1
band_0448.jpg 1 -1 -1 -1 -1 -1
band_0449.jpg 1 -1 -1 -1 -1 -1
band_0450.jpg 1 -1 -1 -1 -1 -1
band_0451.jpg 1 -1 -1 -1 -1 -1
band_0452.jpg 1 -1 -1 -1 -1 -1
band_0453.jpg 1 -1 -1 -1 -1 -1
band_0454.jpg 1 -1 -1 -1 -1 -1
band_0455.jpg 1 -1 -1 -1 -1 -1
band_0456.jpg 1 -1 -1 -1 -1 -1
band_0457.jpg 1 -1 -1 -1 -1 -1
band_0458.jpg 1 -1 -1 -1 -1 -1
band_0459.jpg 1 -1 -1 -1 -1 -1
band_0460.jpg 1 -1 -1 -1 -1 -1
band_0461.jpg 1 -1 -1 -1 -1 -1
band_0462.jpg 1 -1 -1 -1 -1 -1
band_0463.jpg 1 -1 -1 -1 -1 -1
band_0464.jpg 1 -1 -1 -1 -1 -1
band_0465.jpg 1 -1 -1 -1 -1 -1
band_0466.jpg 1 -1 -1 -1 -1 -1
band_0467.jpg 1 -1 -1 -1 -1 -1
band_0468.jpg 1 -1 -1 -1 -1 -1
band_0469.jpg 1 -1 -1 -1 -1 -1
band_0470.jpg 1 -1 -1 -1 -1 -1
band_0471.jpg 1 -1 -1 -1 -1 -1
band_0472.jpg 1 -1 -1 -1 -1 -1
band_0473.jpg 1 -1 -1 -1 -1 -1
band_0474.jpg 1 -1 -1 -1 -1 -1
band_0475.jpg 1 -1 -1 -1 -1 -1
band_0476.jpg 1 -1 -1 -1 -1 -1
band_0477.jpg 1 -1 -1 -1 -1 -1
band_0478.jpg 1 -1 -1 -1 -1 -1
band_0479.jpg 1 -1 -1 -1 -1 -1
band_0480.jpg 1 -1 -1 -1 -1 -1
band_0481.jpg 1 -1 -1 -1 -1 -1
band_0482.jpg 1 -1 -1 -1 -1 -1
band_0483.jpg 1 -1 -1 -1 -1 -1
band_0484.jpg 1 -1 -1 -1 -1 -1
band_0485.jpg 1 -1 -1 -1 -1 -1
band_0486.jpg 1 -1 -1 -1 -1 -1
band_0487.jpg 1 -1 -1 -1 -1 -1
band_0488.jpg 1 -1 -1 -1 -1 -1
band_0489.jpg 1 -1 -1 -1 -1 -1
band_0490.jpg 1 -1 -1 -1 -1 -1
band_0491.jpg 1 -1 -1 -1 -1 -1
band_0492.jpg 1 -1 -1 -1 -1 -1
band_0493.jpg 1 -1 -1 -1 -1 -1
band_0494.jpg 1 -1 -1 -1 -1 -1
band_0495.jpg 1 -1 -1 -1 -1 -1
band_0496.jpg 1 -1 -1 -1 -1 -1
band_0497.jpg 1 -1 -1 -1 -1 -1
band_0498.jpg 1 -1 -1 -1 -1 -1
band_0499.jpg 1 -1 -1 -1 -1 -1
band_0500.jpg 1 -1 -1 -1 -1 -1
band_0501.jpg 1 -1 -1 -1 -1 -1
band_0502.jpg 1 -1 -1 -1 -1 -1
band_0503.jpg 1 -1 -1 -1 -1 -1
band_0504.jpg 1 -1 -1 -1 -1 -1
band_0505.jpg 1 -1 -1 -1 -1 -1
band_0506.jpg 1 -1 -1 -1 -1 -1
band_0507.jpg 1 -1 -1 -1 -1 -1
band_0508.jpg 1 -1 -1 -1 -1 -1
band_0509.jpg 1 -1 -1 -1 -1 -1
band_0510.jpg 1 -1 -1 -1 -1 -1
band_0511.jpg 1 -1 -1 -1 -1 -1
band_0512.jpg 1 -1 -1 -1 -1 -1
band_0513.jpg 1 -1 -1 -1 -1 -1
band_0514.jpg 1 -1 -1 -1 -1 -1
band_0515.jpg 1 -1 -1 -1 -1 -1
band_0516.jpg 1 -1 -1 -1 -1 -1
band_0517.jpg 1 -1 -1 -1 -1 -1
band_0518.jpg 1 -1 -1 -1 -1 -1
band_0519.jpg 1 -1 -1 -1 -1 -1
band_0520.jpg 1 -1 -1 -1 -1 -1
band_0521.jpg 1 -1 -1 -1 -1 -1
band_0522.jpg 1 -1 -1 -1 -1 -1
band_0523.jpg 1 -1 -1 -1 -1 -1
band_0524.jpg 1 -1 -1 -1 -1 -1
band_0525.jpg 1 -1 -1 -1 -1 -1
band_0526.jpg 1 -1 -1 -1 -1 -1
band_0527.jpg 1 -1 -1 -1 -1 -1
band_0528.jpg 1 -1 -1 -1 -1 -1
band_0529.jpg 1 -1 -1 -1 -1 -1
band_0530.jpg 1 -1 -1 -1 -1 -1
band_0531.jpg 1 -1 -1 -1 -1 -1
band_0532.jpg 1 -1 -1 -1 -1 -1
band_0533.jpg 1 -1 -1 -1 -1 -1
band_0534.jpg 1 -1 -1 -1 -1 -1
band_0535.jpg 1 -1 -1 -1 -1 -1
band_0536.jpg 1 -1 -1 -1 -1 -1
band_0537.jpg 1 -1 -1 -1 -1 -1
band_0538.jpg 1 -1 -1 -1 -1 -1
band_0539.jpg 1 -1 -1 -1 -1 -1
band_0540.jpg 1 -1 -1 -1 -1 -1
band_0541.jpg 1 -1 -1 -1 -1 -1
band_0542.jpg 1 -1 -1 -1 -1 -1
band_0543.jpg 1 -1 -1 -1 -1 -1
band_0544.jpg 1 -1 -1 -1 -1 -1
band_0545.jpg 1 -1 -1 -1 -1 -1
band_0546.jpg 1 -1 -1 -1 -1 -1
band_0547.jpg 1 -1 -1 -1 -1 -1
band_0548.jpg 1 -1 -1 -1 -1 -1
band_0549.jpg 1 -1 -1 -1 -1 -1
band_0550.jpg 1 -1 -1 -1 -1 -1
band_0551.jpg 1 -1 -1 -1 -1 -1
band_0552.jpg 1 -1 -1 -1 -1 -1
band_0553.jpg 1 -1 -1 -1 -1 -1
band_0554.jpg 1 -1 -1 -1 -1 -1
band_0555.jpg 1 -1 -1 -1 -1 -1
band_0556.jpg 1 -1 -1 -1 -1 -1
band_0557.jpg 1 -1 -1 -1 -1 -1
band_0558.jpg 1 -1 -1 -1 -1 -1
band_0559.jpg 1 -1 -1 -1 -1 -1
band_0560.jpg 1 -1 -1 -1 -1 -1
band_0561.jpg 1 -1 -1 -1 -1 -1
band_0562.jpg 1 -1 -1 -1 -1 -1
band_0563.jpg 1 -1 -1 -1 -1 -1
band_0564.jpg 1 -1 -1 -1 -1 -1
band_0565.jpg 1 -1 -1 -1 -1 -1
band_0566.jpg 1 -1 -1 -1 -1 -1
band_0567.jpg 1 -1 -1 -1 -1 -1
band_0568.jpg 1 -1 -1 -1 -1 -1
band_0569.jpg 1 -1 -1 -1 -1 -1
band_0570.jpg 1 -1 -1 -1 -1 -1
band_0571.jpg 1 -1 -1 -1 -1 -1
band_0572.jpg 1 -1 -1 -1 -1 -1
band_0573.jpg 1 -1 -1 -1 -1 -1
band_0574.jpg 1 -1 -1 -1 -1 -1
band_0575.jpg 1 -1 -1 -1 -1 -1
band_0576.jpg 1 -1 -1 -1 -1 -1
band_0577.jpg 1 -1 -1 -1 -1 -1
band_0578.jpg 1 -1 -1 -1 -1 -1
band_0579.jpg 1 -1 -1 -1 -1 -1
band_0580.jpg 1 -1 -1 -1 -1 -1
band_0581.jpg 1 -1 -1 -1 -1 -1
band_0582.jpg 1 -1 -1 -1 -1 -1
band_0583.jpg 1 -1 -1 -1 -1 -1
band_0584.jpg 1 -1 -1 -1 -1 -1
band_0585.jpg 1 -1 -1 -1 -1 -1
band_0586.jpg 1 -1 -1 -1 -1 -1
band_0587.jpg 1 -1 -1 -1 -1 -1
band_0588.jpg 1 -1 -1 -1 -1 -1
band_0589.jpg 1 -1 -1 -1 -1 -1
band_0590.jpg 1 -1 -1 -1 -1 -1
band_0591.jpg 1 -1 -1 -1 -1 -1
band_0592.jpg 1 -1 -1 -1 -1 -1
band_0593.jpg 1 -1 -1 -1 -1 -1
band_0594.jpg 1 -1 -1 -1 -1 -1
band_0595.jpg 1 -1 -1 -1 -1 -1
band_0596.jpg 1 -1 -1 -1 -1 -1
band_0597.jpg 1 -1 -1 -1 -1 -1
band_0598.jpg 1 -1 -1 -1 -1 -1
band_0599.jpg 1 -1 -1 -1 -1 -1
band_0600.jpg 1 -1 -1 -1 -1 -1
band_0601.jpg 1 -1 -1 -1 -1 -1
band_0602.jpg 1 -1 -1 -1 -1 -1
band_0603.jpg 1 -1 -1 -1 -1 -1
band_0604.jpg 1 -1 -1 -1 -1 -1
band_0605.jpg 1 -1 -1 -1 -1 -1
band_0606.jpg 1 -1 -1 -1 -1 -1
band_0607.jpg 1 -1 -1 -1 -1 -1
band_0608.jpg 1 -1 -1 -1 -1 -1
band_0609.jpg 1 -1 -1 -1 -1 -1
band_0610.jpg 1 -1 -1 -1 -1 -1
band_0611.jpg 1 -1 -1 -1 -1 -1
band_0612.jpg 1 -1 -1 -1 -1 -1
band_0613.jpg 1 -1 -1 -1 -1 -1
band_0614.jpg 1 -1 -1 -1 -1 -1
band_0615.jpg 1 -1 -1 -1 -1 -1
band_0616.jpg 1 -1 -1 -1 -1 -1
band_0617.jpg 1 -1 -1 -1 -1 -1
band_0618.jpg 1 -1 -1 -1 -1 -1
band_0619.jpg 1 -1 -1 -1 -1 -1
band_0620.jpg 1 -1 -1 -1 -1 -1
band_0621.jpg 1 -1 -1 -1 -1 -1
band_0622.jpg 1 -1 -1 -1 -1 -1
band_0623.jpg 1 -1 -1 -1 -1 -1
band_0624.jpg 1 -1 -1 -1 -1 -1
band_0625.jpg 1 -1 -1 -1 -1 -1
band_0626.jpg 1 -1 -1 -1 -1 -1
band_0627.jpg 1 -1 -1 -1 -1 -1
band_0628.jpg 1 -1 -1 -1 -1 -1
band_0629.jpg 1 -1 -1 -1 -1 -1
band_0630.jpg 1 -1 -1 -1 -1 -1
band_0631.jpg 1 -1 -1 -1 -1 -1
band_0632.jpg 1 -1 -1 -1 -1 -1
band_0633.jpg 1 -1 -1 -1 -1 -1
band_0634.jpg 1 -1 -1 -1 -1 -1
band_0635.jpg 1 -1 -1 -1 -1 -1
band_0636.jpg 1 -1 -1 -1 -1 -1
band_0637.jpg 1 -1 -1 -1 -1 -1
band_0638.jpg 1 -1 -1 -1 -1 -1
band_0639.jpg 1 -1 -1 -1 -1 -1
band_0640.jpg 1 -1 -1 -1 -1 -1
band_0641.jpg 1 -1 -1 -1 -1 -1
band_0642.jpg 1 -1 -1 -1 -1 -1
band_0643.jpg 1 -1 -1 -1 -1 -1
band_0644.jpg 1 -1 -1 -1 -1 -1
band_0645.jpg 1 -1 -1 -1 -1 -1
band_0646.jpg 1 -1 -1 -1 -1 -1
band_0647.jpg 1 -1 -1 -1 -1 -1
band_0648.jpg 1 -1 -1 -1 -1 -1
band_0649.jpg 1 -1 -1 -1 -1 -1
band_0650.jpg 1 -1 -1 -1 -1 -1
band_0651.jpg 1 -1 -1 -1 -1 -1
band_0652.jpg 1 -1 -1 -1 -1 -1
band_0653.jpg 1 -1 -1 -1 -1 -1
band_0654.jpg 1 -1 -1 -1 -1 -1
band_0655.jpg 1 -1 -1 -1 -1 -1
band_0656.jpg 1 -1 -1 -1 -1 -1
band_0657.jpg 1 -1 -1 -1 -1 -1
band_0658.jpg 1 -1 -1 -1 -1 -1
band_0659.jpg 1 -1 -1 -1 -1 -1
band_0660.jpg 1 -1 -1 -1 -1 -1
band_0661.jpg 1 -1 -1 -1 -1 -1
band_0662.jpg 1 -1 -1 -1 -1 -1
band_0663.jpg 1 -1 -1 -1 -1 -1
band_0664.jpg 1 -1 -1 -1 -1 -1
band_0665.jpg 1 -1 -1 -1 -1 -1
band_0666.jpg 1 -1 -1 -1 -1 -1
band_0667.jpg 1 -1 -1 -1 -1 -1
band_0668.jpg 1 -1 -1 -1 -1 -1
band_0669.jpg 1 -1 -1 -1 -1 -1
band_0670.jpg 1 -1 -1 -1 -1 -1
band_0671.jpg 1 -1 -1 -1 -1 -1
band_0672.jpg 1 -1 -1 -1 -1 -1
band_0673.jpg 1 -1 -1 -1 -1 -1
band_0674.jpg 1 -1 -1 -1 -1 -1
band_0675.jpg 1 -1 -1 -1 -1 -1
band_0676.jpg 1 -1 -1 -1 -1 -1
band_0677.jpg 1 -1 -1 -1 -1 -1
band_0678.jpg 1 -1 -1 -1 -1 -1
band_0679.jpg 1 -1 -1 -1 -1 -1
band_0680.jpg 1 -1 -1 -1 -1 -1
band_0681.jpg 1 -1 -1 -1 -1 -1
band_0682.jpg 1 -1 -1 -1 -1 -1
band_0683.jpg 1 -1 -1 -1 -1 -1
band_0684.jpg 1 -1 -1 -1 -1 -1
band_0685.jpg 1 -1 -1 -1 -1 -1
band_0686.jpg 1 -1 -1 -1 -1 -1
band_0687.jpg 1 -1 -1 -1 -1 -1
band_0688.jpg 1 -1 -1 -1 -1 -1
band_0689.jpg 1 -1 -1 -1 -1 -1
band_0690.jpg 1 -1 -1 -1 -1 -1
band_0691.jpg 1 -1 -1 -1 -1 -1
band_0692.jpg 1 -1 -1 -1 -1 -1
band_0693.jpg 1 -1 -1 -1 -1 -1
band_0694.jpg 1 -1 -1 -1 -1 -1
band_0695.jpg 1 -1 -1 -1 -1 -1
band_0696.jpg 1 -1 -1 -1 -1 -1
band_0697.jpg 1 -1 -1 -1 -1 -1
band_0698.jpg 1 -1 -1 -1 -1 -1
band_0699.jpg 1 -1 -1 -1 -1 -1
band_0700.jpg 1 -1 -1 -1 -1 -1
band_0701.jpg 1 -1 -1 -1 -1 -1
band_0702.jpg 1 -1 -1 -1 -1 -1
band_0703.jpg 1 -1 -1 -1 -1 -1
band_0704.jpg 1 -1 -1 -1 -1 -1
band_0705.jpg 1 -1 -1 -1 -1 -1
band_0706.jpg 1 -1 -1 -1 -1 -1
band_0707.jpg 1 -1 -1 -1 -1 -1
band_0708.jpg 1 -1 -1 -1 -1 -1
band_0709.jpg 1 -1 -1 -1 -1 -1
band_0710.jpg 1 -1 -1 -1 -1 -1
band_0711.jpg 1 -1 -1 -1 -1 -1
band_0712.jpg 1 -1 -1 -1 -1 -1
band_0713.jpg 1 -1 -1 -1 -1 -1
band_0714.jpg 1 -1 -1 -1 -1 -1
band_0715.jpg 1 -1 -1 -1 -1 -1
band_0716.jpg 1 -1 -1 -1 -1 -1
band_0717.jpg 1 -1 -1 -1 -1 -1
band_0718.jpg 1 -1 -1 -1 -1 -1
band_0719.jpg 1 -1 -1 -1 -1 -1
band_0720.jpg 1 -1 -1 -1 -1 -1
band_0721.jpg 1 -1 -1 -1 -1 -1
band_0722.jpg 1 -1 -1 -1 -1 -1
band_0723.jpg 1 -1 -1 -1 -1 -1
band_0724.jpg 1 -1 -1 -1 -1 -1
band_0725.jpg 1 -1 -1 -1 -1 -1
band_0726.jpg 1 -1 -1 -1 -1 -1
band_0727.jpg 1 -1 -1 -1 -1 -1
band_0728.jpg 1 -1 -1 -1 -1 -1
band_0729.jpg 1 -1 -1 -1 -1 -1
band_0730.jpg 1 -1 -1 -1 -1 -1
band_0731.jpg 1 -1 -1 -1 -1 -1
band_0732.jpg 1 -1 -1 -1 -1 -1
band_0733.jpg 1 -1 -1 -1 -1 -1
band_0734.jpg 1 -1 -1 -1 -1 -1
band_0735.jpg 1 -1 -1 -1 -1 -1
band_0736.jpg 1 -1 -1 -1 -1 -1
band_0737.jpg 1 -1 -1 -1 -1 -1
band_0738.jpg 1 -1 -1 -1 -1 -1
band_0739.jpg 1 -1 -1 -1 -1 -1
band_0740.jpg 1 -1 -1 -1 -1 -1
band_0741.jpg 1 -1 -1 -1 -1 -1
band_0742.jpg 1 -1 -1 -1 -1 -1
band_0743.jpg 1 -1 -1 -1 -1 -1
band_0744.jpg 1 -1 -1 -1 -1 -1
band_0745.jpg 1 -1 -1 -1 -1 -1
band_0746.jpg 1 -1 -1 -1 -1 -1
band_0747.jpg 1 -1 -1 -1 -1 -1
band_0748.jpg 1 -1 -1 -1 -1 -1
band_0749.jpg 1 -1 -1 -1 -1 -1
band_0750.jpg 1 -1 -1 -1 -1 -1
band_0751.jpg 1 -1 -1 -1 -1 -1
band_0752.jpg 1 -1 -1 -1 -1 -1
band_0753.jpg 1 -1 -1 -1 -1 -1
band_0754.jpg 1 -1 -1 -1 -1 -1
band_0755.jpg 1 -1 -1 -1 -1 -1
band_0756.jpg 1 -1 -1 -1 -1 -1
band_0757.jpg 1 -1 -1 -1 -1 -1
band_0758.jpg 1 -1 -1 -1 -1 -1
band_0759.jpg 1 -1 -1 -1 -1 -1
band_0760.jpg 1 -1 -1 -1 -1 -1
band_0761.jpg 1 -1 -1 -1 -1 -1
band_0762.jpg 1 -1 -1 -1 -1 -1
band_0763.jpg 1 -1 -1 -1 -1 -1
band_0764.jpg 1 -1 -1 -1 -1 -1
band_0765.jpg 1 -1 -1 -1 -1 -1
band_0766.jpg 1 -1 -1 -1 -1 -1
band_0767.jpg 1 -1 -1 -1 -1 -1
band_0768.jpg 1 -1 -1 -1 -1 -1
band_0769.jpg 1 -1 -1 -1 -1 -1
band_0770.jpg 1 -1 -1 -1 -1 -1
band_0771.jpg 1 -1 -1 -1 -1 -1
band_0772.jpg 1 -1 -1 -1 -1 -1
band_0773.jpg 1 -1 -1 -1 -1 -1
band_0774.jpg 1 -1 -1 -1 -1 -1
band_0775.jpg 1 -1 -1 -1 -1 -1
band_0776.jpg 1 -1 -1 -1 -1 -1
band_0777.jpg 1 -1 -1 -1 -1 -1
band_0778.jpg 1 -1 -1 -1 -1 -1
band_0779.jpg 1 -1 -1 -1 -1 -1
band_0780.jpg 1 -1 -1 -1 -1 -1
band_0781.jpg 1 -1 -1 -1 -1 -1
band_0782.jpg 1 -1 -1 -1 -1 -1
band_0783.jpg 1 -1 -1 -1 -1 -1
band_0784.jpg 1 -1 -1 -1 -1 -1
band_0785.jpg 1 -1 -1 -1 -1 -1
band_0786.jpg 1 -1 -1 -1 -1 -1
band_0787.jpg 1 -1 -1 -1 -1 -1
band_0788.jpg 1 -1 -1 -1 -1 -1
band_0789.jpg 1 -1 -1 -1 -1 -1
band_0790.jpg 1 -1 -1 -1 -1 -1
band_0791.jpg 1 -1 -1 -1 -1 -1
band_0792.jpg 1 -1 -1 -1 -1 -1
band_0793.jpg 1 -1 -1 -1 -1 -1
band_0794.jpg 1 -1 -1 -1 -1 -1
band_0795.jpg 1 -1 -1 -1 -1 -1
band_0796.jpg 1 -1 -1 -1 -1 -1
band_0797.jpg 1 -1 -1 -1 -1 -1
band_0798.jpg 1 -1 -1 -1 -1 -1
band_0799.jpg 1 -1 -1 -1 -1 -1
band_0800.jpg 1 -1 -1 -1 -1 -1
band_0801.jpg 1 -1 -1 -1 -1 -1
band_0802.jpg 1 -1 -1 -1 -1 -1
band_0803.jpg 1 -1 -1 -1 -1 -1
band_0804.jpg 1 -1 -1 -1 -1 -1
band_0805.jpg 1 -1 -1 -1 -1 -1
band_0806.jpg 1 -1 -1 -1 -1 -1
band_0807.jpg 1 -1 -1 -1 -1 -1
band_0808.jpg 1 -1 -1 -1 -1 -1
band_0809.jpg 1 -1 -1 -1 -1 -1
band_0810.jpg 1 -1 -1 -1 -1 -1
band_0811.jpg 1 -1 -1 -1 -1 -1
band_0812.jpg 1 -1 -1 -1 -1 -1
band_0813.jpg 1 -1 -1 -1 -1 -1
band_0814.jpg 1 -1 -1 -1 -1 -1
band_0815.jpg 1 -1 -1 -1 -1 -1
band_0816.jpg 1 -1 -1 -1 -1 -1
band_0817.jpg 1 -1 -1 -1 -1 -1
band_0818.jpg 1 -1 -1 -1 -1 -1
band_0819.jpg 1 -1 -1 -1 -1 -1
band_0820.jpg 1 -1 -1 -1 -1 -1
band_0821.jpg 1 -1 -1 -1 -1 -1
band_0822.jpg 1 -1 -1 -1 -1 -1
band_0823.jpg 1 -1 -1 -1 -1 -1
band_0824.jpg 1 -1 -1 -1 -1 -1
band_0825.jpg 1 -1 -1 -1 -1 -1
band_0826.jpg 1 -1 -1 -1 -1 -1
band_0827.jpg 1 -1 -1 -1 -1 -1
band_0828.jpg 1 -1 -1 -1 -1 -1
band_0829.jpg 1 -1 -1 -1 -1 -1
band_0830.jpg 1 -1 -1 -1 -1 -1
band_0831.jpg 1 -1 -1 -1 -1 -1
band_0832.jpg 1 -1 -1 -1 -1 -1
band_0833.jpg 1 -1 -1 -1 -1 -1
band_0834.jpg 1 -1 -1 -1 -1 -1
band_0835.jpg 1 -1 -1 -1 -1 -1
band_0836.jpg 1 -1 -1 -1 -1 -1
band_0837.jpg 1 -1 -1 -1 -1 -1
band_0838.jpg 1 -1 -1 -1 -1 -1
band_0839.jpg 1 -1 -1 -1 -1 -1
band_0840.jpg 1 -1 -1 -1 -1 -1
band_0841.jpg 1 -1 -1 -1 -1 -1
band_0842.jpg 1 -1 -1 -1 -1 -1
band_0843.jpg 1 -1 -1 -1 -1 -1
band_0844.jpg 1 -1 -1 -1 -1 -1
band_0845.jpg 1 -1 -1 -1 -1 -1
band_0846.jpg 1 -1 -1 -1 -1 -1
band_0847.jpg 1 -1 -1 -1 -1 -1
band_0848.jpg 1 -1 -1 -1 -1 -1
band_0849.jpg 1 -1 -1 -1 -1 -1
band_0850.jpg 1 -1 -1 -1 -1 -1
band_0851.jpg 1 -1 -1 -1 -1 -1
band_0852.jpg 1 -1 -1 -1 -1 -1
band_0853.jpg 1 -1 -1 -1 -1 -1
band_0854.jpg 1 -1 -1 -1 -1 -1
band_0855.jpg 1 -1 -1 -1 -1 -1
band_0856.jpg 1 -1 -1 -1 -1 -1
band_0857.jpg 1 -1 -1 -1 -1 -1
band_0858.jpg 1 -1 -1 -1 -1 -1
band_0859.jpg 1 -1 -1 -1 -1 -1
band_0860.jpg 1 -1 -1 -1 -1 -1
band_0861.jpg 1 -1 -1 -1 -1 -1
band_0862.jpg 1 -1 -1 -1 -1 -1
band_0863.jpg 1 -1 -1 -1 -1 -1
band_0864.jpg 1 -1 -1 -1 -1 -1
band_0865.jpg 1 -1 -1 -1 -1 -1
band_0866.jpg 1 -1 -1 -1 -1 -1
band_0867.jpg 1 -1 -1 -1 -1 -1
band_0868.jpg 1 -1 -1 -1 -1 -1
band_0869.jpg 1 -1 -1 -1 -1 -1
band_0870.jpg 1 -1 -1 -1 -1 -1
band_0871.jpg 1 -1 -1 -1 -1 -1
band_0872.jpg 1 -1 -1 -1 -1 -1
band_0873.jpg 1 -1 -1 -1 -1 -1
band_0874.jpg 1 -1 -1 -1 -1 -1
band_0875.jpg 1 -1 -1 -1 -1 -1
band_0876.jpg 1 -1 -1 -1 -1 -1
band_0877.jpg 1 -1 -1 -1 -1 -1
band_0878.jpg 1 -1 -1 -1 -1 -1
band_0879.jpg 1 -1 -1 -1 -1 -1
band_0880.jpg 1 -1 -1 -1 -1 -1
band_0881.jpg 1 -1 -1 -1 -1 -1
band_0882.jpg 1 -1 -1 -1 -1 -1
band_0883.jpg 1 -1 -1 -1 -1 -1
band_0884.jpg 1 -1 -1 -1 -1 -1
band_0885.jpg 1 -1 -1 -1 -1 -1
band_0886.jpg 1 -1 -1 -1 -1 -1
band_0887.jpg 1 -1 -1 -1 -1 -1
band_0888.jpg 1 -1 -1 -1 -1 -1
band_0889.jpg 1 -1 -1 -1 -1 -1
band_0890.jpg 1 -1 -1 -1 -1 -1
band_0891.jpg 1 -1 -1 -1 -1 -1
band_0892.jpg 1 -1 -1 -1 -1 -1
band_0893.jpg 1 -1 -1 -1 -1 -1
band_0894.jpg 1 -1 -1 -1 -1 -1
band_0895.jpg 1 -1 -1 -1 -1 -1
band_0896.jpg 1 -1 -1 -1 -1 -1
band_0897.jpg 1 -1 -1 -1 -1 -1
band_0898.jpg 1 -1 -1 -1 -1 -1
band_0899.jpg 1 -1 -1 -1 -1 -1
band_0900.jpg 1 -1 -1 -1 -1 -1
band_0901.jpg 1 -1 -1 -1 -1 -1
band_0902.jpg 1 -1 -1 -1 -1 -1
band_0903.jpg 1 -1 -1 -1 -1 -1
band_0904.jpg 1 -1 -1 -1 -1 -1
band_0905.jpg 1 -1 -1 -1 -1 -1
band_0906.jpg 1 -1 -1 -1 -1 -1
band_0907.jpg 1 -1 -1 -1 -1 -1
band_0908.jpg 1 -1 -1 -1 -1 -1
band_0909.jpg 1 -1 -1 -1 -1 -1
band_0910.jpg 1 -1 -1 -1 -1 -1
band_0911.jpg 1 -1 -1 -1 -1 -1
band_0912.jpg 1 -1 -1 -1 -1 -1
band_0913.jpg 1 -1 -1 -1 -1 -1
band_0914.jpg 1 -1 -1 -1 -1 -1
band_0915.jpg 1 -1 -1 -1 -1 -1
band_0916.jpg 1 -1 -1 -1 -1 -1
band_0917.jpg 1 -1 -1 -1 -1 -1
band_0918.jpg 1 -1 -1 -1 -1 -1
band_0919.jpg 1 -1 -1 -1 -1 -1
band_0920.jpg 1 -1 -1 -1 -1 -1
band_0921.jpg 1 -1 -1 -1 -1 -1
band_0922.jpg 1 -1 -1 -1 -1 -1
band_0923.jpg 1 -1 -1 -1 -1 -1
band_0924.jpg 1 -1 -1 -1 -1 -1
band_0925.jpg 1 -1 -1 -1 -1 -1
band_0926.jpg 1 -1 -1 -1 -1 -1
band_0927.jpg 1 -1 -1 -1 -1 -1
band_0928.jpg 1 -1 -1 -1 -1 -1
band_0929.jpg 1 -1 -1 -1 -1 -1
band_0930.jpg 1 -1 -1 -1 -1 -1
band_0931.jpg 1 -1 -1 -1 -1 -1
band_0932.jpg 1 -1 -1 -1 -1 -1
band_0933.jpg 1 -1 -1 -1 -1 -1
band_0934.jpg 1 -1 -1 -1 -1 -1
band_0935.jpg 1 -1 -1 -1 -1 -1
band_0936.jpg 1 -1 -1 -1 -1 -1
band_0937.jpg 1 -1 -1 -1 -1 -1
band_0938.jpg 1 -1 -1 -1 -1 -1
band_0939.jpg 1 -1 -1 -1 -1 -1
band_0940.jpg 1 -1 -1 -1 -1 -1
band_0941.jpg 1 -1 -1 -1 -1 -1
band_0942.jpg 1 -1 -1 -1 -1 -1
band_0943.jpg 1 -1 -1 -1 -1 -1
band_0944.jpg 1 -1 -1 -1 -1 -1
band_0945.jpg 1 -1 -1 -1 -1 -1
band_0946.jpg 1 -1 -1 -1 -1 -1
band_0947.jpg 1 -1 -1 -1 -1 -1
band_0948.jpg 1 -1 -1 -1 -1 -1
band_0949.jpg 1 -1 -1 -1 -1 -1
band_0950.jpg 1 -1 -1 -1 -1 -1
band_0951.jpg 1 -1 -1 -1 -1 -1
band_0952.jpg 1 -1 -1 -1 -1 -1
band_0953.jpg 1 -1 -1 -1 -1 -1
band_0954.jpg 1 -1 -1 -1 -1 -1
band_0955.jpg 1 -1 -1 -1 -1 -1
band_0956.jpg 1 -1 -1 -1 -1 -1
band_0957.jpg 1 -1 -1 -1 -1 -1
band_0958.jpg 1 -1 -1 -1 -1 -1
band_0959.jpg 1 -1 -1 -1 -1 -1
band_0960.jpg 1 -1 -1 -1 -1 -1
band_0961.jpg 1 -1 -1 -1 -1 -1
band_0962.jpg 1 -1 -1 -1 -1 -1
band_0963.jpg 1 -1 -1 -1 -1 -1
band_0964.jpg 1 -1 -1 -1 -1 -1
band_0965.jpg 1 -1 -1 -1 -1 -1
band_0966.jpg 1 -1 -1 -1 -1 -1
band_0967.jpg 1 -1 -1 -1 -1 -1
band_0968.jpg 1 -1 -1 -1 -1 -1
band_0969.jpg 1 -1 -1 -1 -1 -1
band_0970.jpg 1 -1 -1 -1 -1 -1
band_0971.jpg 1 -1 -1 -1 -1 -1
band_0972.jpg 1 -1 -1 -1 -1 -1
band_0973.jpg 1 -1 -1 -1 -1 -1
band_0974.jpg 1 -1 -1 -1 -1 -1
band_0975.jpg 1 -1 -1 -1 -1 -1
band_0976.jpg 1 -1 -1 -1 -1 -1
band_0977.jpg 1 -1 -1 -1 -1 -1
band_0978.jpg 1 -1 -1 -1 -1 -1
band_0979.jpg 1 -1 -1 -1 -1 -1
band_0980.jpg 1 -1 -1 -1 -1 -1
band_0981.jpg 1 -1 -1 -1 -1 -1
band_0982.jpg 1 -1 -1 -1 -1 -1
band_0983.jpg 1 -1 -1 -1 -1 -1
band_0984.jpg 1 -1 -1 -1 -1 -1
band_0985.jpg 1 -1 -1 -1 -1 -1
band_0986.jpg 1 -1 -1 -1 -1 -1
band_0987.jpg 1 -1 -1 -1 -1 -1
band_0988.jpg 1 -1 -1 -1 -1 -1
band_0989.jpg 1 -1 -1 -1 -1 -1
band_0990.jpg 1 -1 -1 -1 -1 -1
band_0991.jpg 1 -1 -1 -1 -1 -1
band_0992.jpg 1 -1 -1 -1 -1 -1
band_0993.jpg 1 -1 -1 -1 -1 -1
band_0994.jpg 1 -1 -1 -1 -1 -1
band_0995.jpg 1 -1 -1 -1 -1 -1
band_0996.jpg 1 -1 -1 -1 -1 -1
band_0997.jpg 1 -1 -1 -1 -1 -1
band_0998.jpg 1 -1 -1 -1 -1 -1
band_0999.jpg 1 -1 -1 -1 -1 -1
band_1000.jpg 1 -1 -1 -1 -1 -1
band_1001.jpg 1 -1 -1 -1 -1 -1
band_1002.jpg 1 -1 -1 -1 -1 -1
band_1003.jpg 1 -1 -1 -1 -1 -1
band_1004.jpg 1 -1 -1 -1 -1 -1
band_1005.jpg 1 -1 -1 -1 -1 -1
band_1006.jpg 1 -1 -1 -1 -1 -1
band_1007.jpg 1 -1 -1 -1 -1 -1
band_1008.jpg 1 -1 -1 -1 -1 -1
band_1009.jpg 1 -1 -1 -1 -1 -1
band_1010.jpg 1 -1 -1 -1 -1 -1
band_1011.jpg 1 -1 -1 -1 -1 -1
band_1012.jpg 1 -1 -1 -1 -1 -1
band_1013.jpg 1 -1 -1 -1 -1 -1
band_1014.jpg 1 -1 -1 -1 -1 -1
band_1015.jpg 1 -1 -1 -1 -1 -1
band_1016.jpg 1 -1 -1 -1 -1 -1
band_1017.jpg 1 -1 -1 -1 -1 -1
band_1018.jpg 1 -1 -1 -1 -1 -1
band_1019.jpg 1 -1 -1 -1 -1 -1
band_1020.jpg 1 -1 -1 -1 -1 -1
band_1021.jpg 1 -1 -1 -1 -1 -1
band_1022.jpg 1 -1 -1 -1 -1 -1
band_1023.jpg 1 -1 -1 -1 -1 -1
band_1024.jpg 1 -1 -1 -1 -1 -1
band_1025.jpg 1 -1 -1 -1 -1 -1
band_1026.jpg 1 -1 -1 -1 -1 -1
band_1027.jpg 1 -1 -1 -1 -1 -1
band_1028.jpg 1 -1 -1 -1 -1 -1
band_1029.jpg 1 -1 -1 -1 -1 -1
band_1030.jpg 1 -1 -1 -1 -1 -1
band_1031.jpg 1 -1 -1 -1 -1 -1
band_1032.jpg 1 -1 -1 -1 -1 -1
band_1033.jpg 1 -1 -1 -1 -1 -1
band_1034.jpg 1 -1 -1 -1 -1 -1
band_1035.jpg 1 -1 -1 -1 -1 -1
band_1036.jpg 1 -1 -1 -1 -1 -1
band_1037.jpg 1 -1 -1 -1 -1 -1
band_1038.jpg 1 -1 -1 -1 -1 -1
band_1039.jpg 1 -1 -1 -1 -1 -1
band_1040.jpg 1 -1 -1 -1 -1 -1
band_1041.jpg 1 -1 -1 -1 -1 -1
band_1042.jpg 1 -1 -1 -1 -1 -1
band_1043.jpg 1 -1 -1 -1 -1 -1
band_1044.jpg 1 -1 -1 -1 -1 -1
band_1045.jpg 1 -1 -1 -1 -1 -1
band_1046.jpg 1 -1 -1 -1 -1 -1
band_1047.jpg 1 -1 -1 -1 -1 -1
band_1048.jpg 1 -1 -1 -1 -1 -1
band_1049.jpg 1 -1 -1 -1 -1 -1
band_1050.jpg 1 -1 -1 -1 -1 -1
band_1051.jpg 1 -1 -1 -1 -1 -1
band_1052.jpg 1 -1 -1 -1 -1 -1
band_1053.jpg 1 -1 -1 -1 -1 -1
band_1054.jpg 1 -1 -1 -1 -1 -1
band_1055.jpg 1 -1 -1 -1 -1 -1
band_1056.jpg 1 -1 -1 -1 -1 -1
band_1057.jpg 1 -1 -1 -1 -1 -1
band_1058.jpg 1 -1 -1 -1 -1 -1
band_1059.jpg 1 -1 -1 -1 -1 -1
band_1060.jpg 1 -1 -1 -1 -1 -1
band_1061.jpg 1 -1 -1 -1 -1 -1
band_1062.jpg 1 -1 -1 -1 -1 -1
band_1063.jpg 1 -1 -1 -1 -1 -1
band_1064.jpg 1 -1 -1 -1 -1 -1
band_1065.jpg 1 -1 -1 -1 -1 -1
band_1066.jpg 1 -1 -1 -1 -1 -1
band_1067.jpg 1 -1 -1 -1 -1 -1
band_1068.jpg 1 -1 -1 -1 -1 -1
band_1069.jpg 1 -1 -1 -1 -1 -1
band_1070.jpg 1 -1 -1 -1 -1 -1
band_1071.jpg 1 -1 -1 -1 -1 -1
band_1072.jpg 1 -1 -1 -1 -1 -1
band_1073.jpg 1 -1 -1 -1 -1 -1
band_1074.jpg 1 -1 -1 -1 -1 -1
band_1075.jpg 1 -1 -1 -1 -1 -1
band_1076.jpg 1 -1 -1 -1 -1 -1
band_1077.jpg 1 -1 -1 -1 -1 -1
band_1078.jpg 1 -1 -1 -1 -1 -1
band_1079.jpg 1 -1 -1 -1 -1 -1
band_1080.jpg 1 -1 -1 -1 -1 -1
band_1081.jpg 1 -1 -1 -1 -1 -1
band_1082.jpg 1 -1 -1 -1 -1 -1
band_1083.jpg 1 -1 -1 -1 -1 -1
band_1084.jpg 1 -1 -1 -1 -1 -1
band_1085.jpg 1 -1 -1 -1 -1 -1
band_1086.jpg 1 -1 -1 -1 -1 -1
band_1087.jpg 1 -1 -1 -1 -1 -1
band_1088.jpg 1 -1 -1 -1 -1 -1
band_1089.jpg 1 -1 -1 -1 -1 -1
band_1090.jpg 1 -1 -1 -1 -1 -1
band_1091.jpg 1 -1 -1 -1 -1 -1
band_1092.jpg 1 -1 -1 -1 -1 -1
band_1093.jpg 1 -1 -1 -1 -1 -1
band_1094.jpg 1 -1 -1 -1 -1 -1
band_1095.jpg 1 -1 -1 -1 -1 -1
band_1096.jpg 1 -1 -1 -1 -1 -1
band_1097.jpg 1 -1 -1 -1 -1 -1
band_1098.jpg 1 -1 -1 -1 -1 -1
band_1099.jpg 1 -1 -1 -1 -1 -1
band_1100.jpg 1 -1 -1 -1 -1 -1
band_1101.jpg 1 -1 -1 -1 -1 -1
band_1102.jpg 1 -1 -1 -1 -1 -1
band_1103.jpg 1 -1 -1 -1 -1 -1
band_1104.jpg 1 -1 -1 -1 -1 -1
band_1105.jpg 1 -1 -1 -1 -1 -1
band_1106.jpg 1 -1 -1 -1 -1 -1
band_1107.jpg 1 -1 -1 -1 -1 -1
band_1108.jpg 1 -1 -1 -1 -1 -1
band_1109.jpg 1 -1 -1 -1 -1 -1
band_1110.jpg 1 -1 -1 -1 -1 -1
band_1111.jpg 1 -1 -1 -1 -1 -1
band_1112.jpg 1 -1 -1 -1 -1 -1
band_1113.jpg 1 -1 -1 -1 -1 -1
band_1114.jpg 1 -1 -1 -1 -1 -1
band_1115.jpg 1 -1 -1 -1 -1 -1
band_1116.jpg 1 -1 -1 -1 -1 -1
band_1117.jpg 1 -1 -1 -1 -1 -1
band_1118.jpg 1 -1 -1 -1 -1 -1
band_1119.jpg 1 -1 -1 -1 -1 -1
band_1120.jpg 1 -1 -1 -1 -1 -1
band_1121.jpg 1 -1 -1 -1 -1 -1
band_1122.jpg 1 -1 -1 -1 -1 -1
band_1123.jpg 1 -1 -1 -1 -1 -1
band_1124.jpg 1 -1 -1 -1 -1 -1
band_1125.jpg 1 -1 -1 -1 -1 -1
band_1126.jpg 1 -1 -1 -1 -1 -1
band_1127.jpg 1 -1 -1 -1 -1 -1
band_1128.jpg 1 -1 -1 -1 -1 -1
band_1129.jpg 1 -1 -1 -1 -1 -1
band_1130.jpg 1 -1 -1 -1 -1 -1
band_1131.jpg 1 -1 -1 -1 -1 -1
band_1132.jpg 1 -1 -1 -1 -1 -1
band_1133.jpg 1 -1 -1 -1 -1 -1
band_1134.jpg 1 -1 -1 -1 -1 -1
band_1135.jpg 1 -1 -1 -1 -1 -1
band_1136.jpg 1 -1 -1 -1 -1 -1
band_1137.jpg 1 -1 -1 -1 -1 -1
band_1138.jpg 1 -1 -1 -1 -1 -1
band_1139.jpg 1 -1 -1 -1 -1 -1
band_1140.jpg 1 -1 -1 -1 -1 -1
band_1141.jpg 1 -1 -1 -1 -1 -1
band_1142.jpg 1 -1 -1 -1 -1 -1
band_1143.jpg 1 -1 -1 -1 -1 -1
band_1144.jpg 1 -1 -1 -1 -1 -1
band_1145.jpg 1 -1 -1 -1 -1 -1
band_1146.jpg 1 -1 -1 -1 -1 -1
band_1147.jpg 1 -1 -1 -1 -1 -1
band_1148.jpg 1 -1 -1 -1 -1 -1
band_1149.jpg 1 -1 -1 -1 -1 -1
band_1150.jpg 1 -1 -1 -1 -1 -1
band_1151.jpg 1 -1 -1 -1 -1 -1
band_1152.jpg 1 -1 -1 -1 -1 -1
band_1153.jpg 1 -1 -1 -1 -1 -1
band_1154.jpg 1 -1 -1 -1 -1 -1
band_1155.jpg 1 -1 -1 -1 -1 -1
band_1156.jpg 1 -1 -1 -1 -1 -1
band_1157.jpg 1 -1 -1 -1 -1 -1
band_1158.jpg 1 -1 -1 -1 -1 -1
band_1159.jpg 1 -1 -1 -1 -1 -1
band_1160.jpg 1 -1 -1 -1 -1 -1
band_1161.jpg 1 -1 -1 -1 -1 -1
band_1162.jpg 1 -1 -1 -1 -1 -1
band_1163.jpg 1 -1 -1 -1 -1 -1
band_1164.jpg 1 -1 -1 -1 -1 -1
band_1165.jpg 1 -1 -1 -1 -1 -1
band_1166.jpg 1 -1 -1 -1 -1 -1
band_1167.jpg 1 -1 -1 -1 -1 -1
band_1168.jpg 1 -1 -1 -1 -1 -1
band_1169.jpg 1 -1 -1 -1 -1 -1
band_1170.jpg 1 -1 -1 -1 -1 -1
band_1171.jpg 1 -1 -1 -1 -1 -1
band_1172.jpg 1 -1 -1 -1 -1 -1
band_1173.jpg 1 -1 -1 -1 -1 -1
band_1174.jpg 1 -1 -1 -1 -1 -1
band_1175.jpg 1 -1 -1 -1 -1 -1
band_1176.jpg 1 -1 -1 -1 -1 -1
band_1177.jpg 1 -1 -1 -1 -1 -1
band_1178.jpg 1 -1 -1 -1 -1 -1
band_1179.jpg 1 -1 -1 -1 -1 -1
band_1180.jpg 1 -1 -1 -1 -1 -1
band_1181.jpg 1 -1 -1 -1 -1 -1
band_1182.jpg 1 -1 -1 -1 -1 -1
band_1183.jpg 1 -1 -1 -1 -1 -1
band_1184.jpg 1 -1 -1 -1 -1 -1
band_1185.jpg 1 -1 -1 -1 -1 -1
band_1186.jpg 1 -1 -1 -1 -1 -1
band_1187.jpg 1 -1 -1 -1 -1 -1
band_1188.jpg 1 -1 -1 -1 -1 -1
band_1189.jpg 1 -1 -1 -1 -1 -1
band_1190.jpg 1 -1 -1 -1 -1 -1
band_1191.jpg 1 -1 -1 -1 -1 -1
band_1192.jpg 1 -1 -1 -1 -1 -1
band_1193.jpg 1 -1 -1 -1 -1 -1
band_1194.jpg 1 -1 -1 -1 -1 -1
band_1195.jpg 1 -1 -1 -1 -1 -1
band_1196.jpg 1 -1 -1 -1 -1 -1
band_1197.jpg 1 -1 -1 -1 -1 -1
band_1198.jpg 1 -1 -1 -1 -1 -1
band_1199.jpg 1 -1 -1 -1 -1 -1
band_1200.jpg 1 -1 -1 -1 -1 -1
band_1201.jpg 1 -1 -1 -1 -1 -1
band_1202.jpg 1 -1 -1 -1 -1 -1
band_1203.jpg 1 -1 -1 -1 -1 -1
band_1204.jpg 1 -1 -1 -1 -1 -1
band_1205.jpg 1 -1 -1 -1 -1 -1
band_1206.jpg 1 -1 -1 -1 -1 -1
band_1207.jpg 1 -1 -1 -1 -1 -1
band_1208.jpg 1 -1 -1 -1 -1 -1
band_1209.jpg 1 -1 -1 -1 -1 -1
band_1210.jpg 1 -1 -1 -1 -1 -1
band_1211.jpg 1 -1 -1 -1 -1 -1
band_1212.jpg 1 -1 -1 -1 -1 -1
band_1213.jpg 1 -1 -1 -1 -1 -1
band_1214.jpg 1 -1 -1 -1 -1 -1
band_1215.jpg 1 -1 -1 -1 -1 -1
band_1216.jpg 1 -1 -1 -1 -1 -1
band_1217.jpg 1 -1 -1 -1 -1 -1
band_1218.jpg 1 -1 -1 -1 -1 -1
band_1219.jpg 1 -1 -1 -1 -1 -1
band_1220.jpg 1 -1 -1 -1 -1 -1
band_1221.jpg 1 -1 -1 -1 -1 -1
band_1222.jpg 1 -1 -1 -1 -1 -1
band_1223.jpg 1 -1 -1 -1 -1 -1
band_1224.jpg 1 -1 -1 -1 -1 -1
band_1225.jpg 1 -1 -1 -1 -1 -1
band_1226.jpg 1 -1 -1 -1 -1 -1
band_1227.jpg 1 -1 -1 -1 -1 -1
band_1228.jpg 1 -1 -1 -1 -1 -1
band_1229.jpg 1 -1 -1 -1 -1 -1
band_1230.jpg 1 -1 -1 -1 -1 -1
band_1231.jpg 1 -1 -1 -1 -1 -1
band_1232.jpg 1 -1 -1 -1 -1 -1
band_1233.jpg 1 -1 -1 -1 -1 -1
band_1234.jpg 1 -1 -1 -1 -1 -1
band_1235.jpg 1 -1 -1 -1 -1 -1
band_1236.jpg 1 -1 -1 -1 -1 -1
band_1237.jpg 1 -1 -1 -1 -1 -1
band_1238.jpg 1 -1 -1 -1 -1 -1
band_1239.jpg 1 -1 -1 -1 -1 -1
band_1240.jpg 1 -1 -1 -1 -1 -1
band_1241.jpg 1 -1 -1 -1 -1 -1
band_1242.jpg 1 -1 -1 -1 -1 -1
band_1243.jpg 1 -1 -1 -1 -1 -1
band_1244.jpg 1 -1 -1 -1 -1 -1
band_1245.jpg 1 -1 -1 -1 -1 -1
band_1246.jpg 1 -1 -1 -1 -1 -1
band_1247.jpg 1 -1 -1 -1 -1 -1
band_1248.jpg 1 -1 -1 -1 -1 -1
band_1249.jpg 1 -1 -1 -1 -1 -1
band_1250.jpg 1 -1 -1 -1 -1 -1
band_1251.jpg 1 -1 -1 -1 -1 -1
band_1252.jpg 1 -1 -1 -1 -1 -1
band_1253.jpg 1 -1 -1 -1 -1 -1
band_1254.jpg 1 -1 -1 -1 -1 -1
band_1255.jpg 1 -1 -1 -1 -1 -1
band_1256.jpg 1 -1 -1 -1 -1 -1
band_1257.jpg 1 -1 -1 -1 -1 -1
band_1258.jpg 1 -1 -1 -1 -1 -1
band_1259.jpg 1 -1 -1 -1 -1 -1
band_1260.jpg 1 -1 -1 -1 -1 -1
band_1261.jpg 1 -1 -1 -1 -1 -1
band_1262.jpg 1 -1 -1 -1 -1 -1
band_1263.jpg 1 -1 -1 -1 -1 -1
band_1264.jpg 1 -1 -1 -1 -1 -1
band_1265.jpg 1 -1 -1 -1 -1 -1
band_1266.jpg 1 -1 -1 -1 -1 -1
band_1267.jpg 1 -1 -1 -1 -1 -1
band_1268.jpg 1 -1 -1 -1 -1 -1
band_1269.jpg 1 -1 -1 -1 -1 -1
band_1270.jpg 1 -1 -1 -1 -1 -1
band_1271.jpg 1 -1 -1 -1 -1 -1
band_1272.jpg 1 -1 -1 -1 -1 -1
band_1273.jpg 1 -1 -1 -1 -1 -1
band_1274.jpg 1 -1 -1 -1 -1 -1
band_1275.jpg 1 -1 -1 -1 -1 -1
band_1276.jpg 1 -1 -1 -1 -1 -1
band_1277.jpg 1 -1 -1 -1 -1 -1
band_1278.jpg 1 -1 -1 -1 -1 -1
band_1279.jpg 1 -1 -1 -1 -1 -1
band_1280.jpg 1 -1 -1 -1 -1 -1
band_1281.jpg 1 -1 -1 -1 -1 -1
band_1282.jpg 1 -1 -1 -1 -1 -1
band_1283.jpg 1 -1 -1 -1 -1 -1
band_1284.jpg 1 -1 -1 -1 -1 -1
band_1285.jpg 1 -1 -1 -1 -1 -1
band_1286.jpg 1 -1 -1 -1 -1 -1
band_1287.jpg 1 -1 -1 -1 -1 -1
band_1288.jpg 1 -1 -1 -1 -1 -1
band_1289.jpg 1 -1 -1 -1 -1 -1
band_1290.jpg 1 -1 -1 -1 -1 -1
band_1291.jpg 1 -1 -1 -1 -1 -1
band_1292.jpg 1 -1 -1 -1 -1 -1
band_1293.jpg 1 -1 -1 -1 -1 -1
band_1294.jpg 1 -1 -1 -1 -1 -1
band_1295.jpg 1 -1 -1 -1 -1 -1
band_1296.jpg 1 -1 -1 -1 -1 -1
band_1297.jpg 1 -1 -1 -1 -1 -1
band_1298.jpg 1 -1 -1 -1 -1 -1
band_1299.jpg 1 -1 -1 -1 -1 -1
band_1300.jpg 1 -1 -1 -1 -1 -1
band_1301.jpg 1 -1 -1 -1 -1 -1
band_1302.jpg 1 -1 -1 -1 -1 -1
band_1303.jpg 1 -1 -1 -1 -1 -1
band_1304.jpg 1 -1 -1 -1 -1 -1
band_1305.jpg 1 -1 -1 -1 -1 -1
band_1306.jpg 1 -1 -1 -1 -1 -1
band_1307.jpg 1 -1 -1 -1 -1 -1
band_1308.jpg 1 -1 -1 -1 -1 -1
band_1309.jpg 1 -1 -1 -1 -1 -1
band_1310.jpg 1 -1 -1 -1 -1 -1
band_1311.jpg 1 -1 -1 -1 -1 -1
band_1312.jpg 1 -1 -1 -1 -1 -1
band_1313.jpg 1 -1 -1 -1 -1 -1
band_1314.jpg 1 -1 -1 -1 -1 -1
band_1315.jpg 1 -1 -1 -1 -1 -1
band_1316.jpg 1 -1 -1 -1 -1 -1
band_1317.jpg 1 -1 -1 -1 -1 -1
band_1318.jpg 1 -1 -1 -1 -1 -1
band_1319.jpg 1 -1 -1 -1 -1 -1
band_1320.jpg 1 -1 -1 -1 -1 -1
band_1321.jpg 1 -1 -1 -1 -1 -1
band_1322.jpg 1 -1 -1 -1 -1 -1
band_1323.jpg 1 -1 -1 -1 -1 -1
band_1324.jpg 1 -1 -1 -1 -1 -1
band_1325.jpg 1 -1 -1 -1 -1 -1
band_1326.jpg 1 -1 -1 -1 -1 -1
band_1327.jpg 1 -1 -1 -1 -1 -1
band_1328.jpg 1 -1 -1 -1 -1 -1
band_1329.jpg 1 -1 -1 -1 -1 -1
band_1330.jpg 1 -1 -1 -1 -1 -1
band_1331.jpg 1 -1 -1 -1 -1 -1
band_1332.jpg 1 -1 -1 -1 -1 -1
band_1333.jpg 1 -1 -1 -1 -1 -1
band_1334.jpg 1 -1 -1 -1 -1 -1
band_1335.jpg 1 -1 -1 -1 -1 -1
band_1336.jpg 1 -1 -1 -1 -1 -1
band_1337.jpg 1 -1 -1 -1 -1 -1
band_1338.jpg 1 -1 -1 -1 -1 -1
band_1339.jpg 1 -1 -1 -1 -1 -1
band_1340.jpg 1 -1 -1 -1 -1 -1
band_1341.jpg 1 -1 -1 -1 -1 -1
band_1342.jpg 1 -1 -1 -1 -1 -1
band_1343.jpg 1 -1 -1 -1 -1 -1
band_1344.jpg 1 -1 -1 -1 -1 -1
band_1345.jpg 1 -1 -1 -1 -1 -1
band_1346.jpg 1 -1 -1 -1 -1 -1
band_1347.jpg 1 -1 -1 -1 -1 -1
band_1348.jpg 1 -1 -1 -1 -1 -1
band_1349.jpg 1 -1 -1 -1 -1 -1
band_1350.jpg 1 -1 -1 -1 -1 -1
band_1351.jpg 1 -1 -1 -1 -1 -1
band_1352.jpg 1 -1 -1 -1 -1 -1
band_1353.jpg 1 -1 -1 -1 -1 -1
band_1354.jpg 1 -1 -1 -1 -1 -1
band_1355.jpg 1 -1 -1 -1 -1 -1
band_1356.jpg 1 -1 -1 -1 -1 -1
band_1357.jpg 1 -1 -1 -1 -1 -1
band_1358.jpg 1 -1 -1 -1 -1 -1
band_1359.jpg 1 -1 -1 -1 -1 -1
band_1360.jpg 1 -1 -1 -1 -1 -1
band_1361.jpg 1 -1 -1 -1 -1 -1
band_1362.jpg 1 -1 -1 -1 -1 -1
band_1363.jpg 1 -1 -1 -1 -1 -1
band_1364.jpg 1 -1 -1 -1 -1 -1
band_1365.jpg 1 -1 -1 -1 -1 -1
band_1366.jpg 1 -1 -1 -1 -1 -1
band_1367.jpg 1 -1 -1 -1 -1 -1
band_1368.jpg 1 -1 -1 -1 -1 -1
band_1369.jpg 1 -1 -1 -1 -1 -1
band_1370.jpg 1 -1 -1 -1 -1 -1
band_1371.jpg 1 -1 -1 -1 -1 -1
band_1372.jpg 1 -1 -1 -1 -1 -1
band_1373.jpg 1 -1 -1 -1 -1 -1
band_1374.jpg 1 -1 -1 -1 -1 -1
band_1375.jpg 1 -1 -1 -1 -1 -1
band_1376.jpg 1 -1 -1 -1 -1 -1
band_1377.jpg 1 -1 -1 -1 -1 -1
band_1378.jpg 1 -1 -1 -1 -1 -1
band_1379.jpg 1 -1 -1 -1 -1 -1
band_1380.jpg 1 -1 -1 -1 -1 -1
band_1381.jpg 1 -1 -1 -1 -1 -1
band_1382.jpg 1 -1 -1 -1 -1 -1
band_1383.jpg 1 -1 -1 -1 -1 -1
band_1384.jpg 1 -1 -1 -1 -1 -1
band_1385.jpg 1 -1 -1 -1 -1 -1
band_1386.jpg 1 -1 -1 -1 -1 -1
band_1387.jpg 1 -1 -1 -1 -1 -1
band_1388.jpg 1 -1 -1 -1 -1 -1
band_1389.jpg 1 -1 -1 -1 -1 -1
band_1390.jpg 1 -1 -1 -1 -1 -1
band_1391.jpg 1 -1 -1 -1 -1 -1
band_1392.jpg 1 -1 -1 -1 -1 -1
band_1393.jpg 1 -1 -1 -1 -1 -1
band_1394.jpg 1 -1 -1 -1 -1 -1
band_1395.jpg 1 -1 -1 -1 -1 -1
band_1396.jpg 1 -1 -1 -1 -1 -1
band_1397.jpg 1 -1 -1 -1 -1 -1
band_1398.jpg 1 -1 -1 -1 -1 -1
band_1399.jpg 1 -1 -1 -1 -1 -1
band_1400.jpg 1 -1 -1 -1 -1 -1
band_1401.jpg 1 -1 -1 -1 -1 -1
band_1402.jpg 1 -1 -1 -1 -1 -1
band_1403.jpg 1 -1 -1 -1 -1 -1
band_1404.jpg 1 -1 -1 -1 -1 -1
band_1405.jpg 1 -1 -1 -1 -1 -1
band_1406.jpg 1 -1 -1 -1 -1 -1
band_1407.jpg 1 -1 -1 -1 -1 -1
band_1408.jpg 1 -1 -1 -1 -1 -1
band_1409.jpg 1 -1 -1 -1 -1 -1
band_1410.jpg 1 -1 -1 -1 -1 -1
band_1411.jpg 1 -1 -1 -1 -1 -1
band_1412.jpg 1 -1 -1 -1 -1 -1
band_1413.jpg 1 -1 -1 -1 -1 -1
band_1414.jpg 1 -1 -1 -1 -1 -1
band_1415.jpg 1 -1 -1 -1 -1 -1
band_1416.jpg 1 -1 -1 -1 -1 -1
band_1417.jpg 1 -1 -1 -1 -1 -1
band_1418.jpg 1 -1 -1 -1 -1 -1
band_1419.jpg 1 -1 -1 -1 -1 -1
band_1420.jpg 1 -1 -1 -1 -1 -1
band_1421.jpg 1 -1 -1 -1 -1 -1
band_1422.jpg 1 -1 -1 -1 -1 -1
band_1423.jpg 1 -1 -1 -1 -1 -1
band_1424.jpg 1 -1 -1 -1 -1 -1
band_1425.jpg 1 -1 -1 -1 -1 -1
band_1426.jpg 1 -1 -1 -1 -1 -1
band_1427.jpg 1 -1 -1 -1 -1 -1
band_1428.jpg 1 -1 -1 -1 -1 -1
band_1429.jpg 1 -1 -1 -1 -1 -1
band_1430.jpg 1 -1 -1 -1 -1 -1
band_1431.jpg 1 -1 -1 -1 -1 -1
band_1432.jpg 1 -1 -1 -1 -1 -1
band_1433.jpg 1 -1 -1 -1 -1 -1
band_1434.jpg 1 -1 -1 -1 -1 -1
band_1435.jpg 1 -1 -1 -1 -1 -1
band_1436.jpg 1 -1 -1 -1 -1 -1
band_1437.jpg 1 -1 -1 -1 -1 -1
band_1438.jpg 1 -1 -1 -1 -1 -1
band_1439.jpg 1 -1 -1 -1 -1 -1
band_1440.jpg 1 -1 -1 -1 -1 -1
band_1441.jpg 1 -1 -1 -1 -1 -1
band_1442.jpg 1 -1 -1 -1 -1 -1
band_1443.jpg 1 -1 -1 -1 -1 -1
band_1444.jpg 1 -1 -1 -1 -1 -1
band_1445.jpg 1 -1 -1 -1 -1 -1
band_1446.jpg 1 -1 -1 -1 -1 -1
band_1447.jpg 1 -1 -1 -1 -1 -1
band_1448.jpg 1 -1 -1 -1 -1 -1
band_1449.jpg 1 -1 -1 -1 -1 -1
band_1450.jpg 1 -1 -1 -1 -1 -1
band_1451.jpg 1 -1 -1 -1 -1 -1
band_1452.jpg 1 -1 -1 -1 -1 -1
band_1453.jpg 1 -1 -1 -1 -1 -1
band_1454.jpg 1 -1 -1 -1 -1 -1
band_1455.jpg 1 -1 -1 -1 -1 -1
band_1456.jpg 1 -1 -1 -1 -1 -1
band_1457.jpg 1 -1 -1 -1 -1 -1
band_1458.jpg 1 -1 -1 -1 -1 -1
band_1459.jpg 1 -1 -1 -1 -1 -1
band_1460.jpg 1 -1 -1 -1 -1 -1
band_1461.jpg 1 -1 -1 -1 -1 -1
band_1462.jpg 1 -1 -1 -1 -1 -1
band_1463.jpg 1 -1 -1 -1 -1 -1
band_1464.jpg 1 -1 -1 -1 -1 -1
band_1465.jpg 1 -1 -1 -1 -1 -1
band_1466.jpg 1 -1 -1 -1 -1 -1
band_1467.jpg 1 -1 -1 -1 -1 -1
band_1468.jpg 1 -1 -1 -1 -1 -1
band_1469.jpg 1 -1 -1 -1 -1 -1
band_1470.jpg 1 -1 -1 -1 -1 -1
band_1471.jpg 1 -1 -1 -1 -1 -1
band_1472.jpg 1 -1 -1 -1 -1 -1
band_1473.jpg 1 -1 -1 -1 -1 -1
band_1474.jpg 1 -1 -1 -1 -1 -1
band_1475.jpg 1 -1 -1 -1 -1 -1
band_1476.jpg 1 -1 -1 -1 -1 -1
band_1477.jpg 1 -1 -1 -1 -1 -1
band_1478.jpg 1 -1 -1 -1 -1 -1
band_1479.jpg 1 -1 -1 -1 -1 -1
band_1480.jpg 1 -1 -1 -1 -1 -1
band_1481.jpg 1 -1 -1 -1 -1 -1
band_1482.jpg 1 -1 -1 -1 -1 -1
band_1483.jpg 1 -1 -1 -1 -1 -1
band_1484.jpg 1 -1 -1 -1 -1 -1
band_1485.jpg 1 -1 -1 -1 -1 -1
band_1486.jpg 1 -1 -1 -1 -1 -1
band_1487.jpg 1 -1 -1 -1 -1 -1
band_1488.jpg 1 -1 -1 -1 -1 -1
band_1489.jpg 1 -1 -1 -1 -1 -1
band_1490.jpg 1 -1 -1 -1 -1 -1
band_1491.jpg 1 -1 -1 -1 -1 -1
band_1492.jpg 1 -1 -1 -1 -1 -1
band_1493.jpg 1 -1 -1 -1 -1 -1
band_1494.jpg 1 -1 -1 -1 -1 -1
band_1495.jpg 1 -1 -1 -1 -1 -1
band_1496.jpg 1 -1 -1 -1 -1 -1
band_1497.jpg 1 -1 -1 -1 -1 -1
band_1498.jpg 1 -1 -1 -1 -1 -1
band_1499.jpg 1 -1 -1 -1 -1 -1
band_1500.jpg 1 -1 -1 -1 -1 -1
band_1501.jpg 1 -1 -1 -1 -1 -1
band_1502.jpg 1 -1 -1 -1 -1 -1
band_1503.jpg 1 -1 -1 -1 -1 -1
band_1504.jpg 1 -1 -1 -1 -1 -1
band_1505.jpg 1 -1 -1 -1 -1 -1
band_1506.jpg 1 -1 -1 -1 -1 -1
band_1507.jpg 1 -1 -1 -1 -1 -1
band_1508.jpg 1 -1 -1 -1 -1 -1
band_1509.jpg 1 -1 -1 -1 -1 -1
band_1510.jpg 1 -1 -1 -1 -1 -1
band_1511.jpg 1 -1 -1 -1 -1 -1
band_1512.jpg 1 -1 -1 -1 -1 -1
band_1513.jpg 1 -1 -1 -1 -1 -1
band_1514.jpg 1 -1 -1 -1 -1 -1
band_1515.jpg 1 -1 -1 -1 -1 -1
band_1516.jpg 1 -1 -1 -1 -1 -1
band_1517.jpg 1 -1 -1 -1 -1 -1
band_1518.jpg 1 -1 -1 -1 -1 -1
band_1519.jpg 1 -1 -1 -1 -1 -1
band_1520.jpg 1 -1 -1 -1 -1 -1
band_1521.jpg 1 -1 -1 -1 -1 -1
band_1522.jpg 1 -1 -1 -1 -1 -1
band_1523.jpg 1 -1 -1 -1 -1 -1
band_1524.jpg 1 -1 -1 -1 -1 -1
band_1525.jpg 1 -1 -1 -1 -1 -1
band_1526.jpg 1 -1 -1 -1 -1 -1
band_1527.jpg 1 -1 -1 -1 -1 -1
band_1528.jpg 1 -1 -1 -1 -1 -1
band_1529.jpg 1 -1 -1 -1 -1 -1
band_1530.jpg 1 -1 -1 -1 -1 -1
band_1531.jpg 1 -1 -1 -1 -1 -1
band_1532.jpg 1 -1 -1 -1 -1 -1
band_1533.jpg 1 -1 -1 -1 -1 -1
band_1534.jpg 1 -1 -1 -1 -1 -1
band_1535.jpg 1 -1 -1 -1 -1 -1
band_1536.jpg 1 -1 -1 -1 -1 -1
band_1537.jpg 1 -1 -1 -1 -1 -1
band_1538.jpg 1 -1 -1 -1 -1 -1
band_1539.jpg 1 -1 -1 -1 -1 -1
band_1540.jpg 1 -1 -1 -1 -1 -1
band_1541.jpg 1 -1 -1 -1 -1 -1
band_1542.jpg 1 -1 -1 -1 -1 -1
band_1543.jpg 1 -1 -1 -1 -1 -1
band_1544.jpg 1 -1 -1 -1 -1 -1
band_1545.jpg 1 -1 -1 -1 -1 -1
band_1546.jpg 1 -1 -1 -1 -1 -1
band_1547.jpg 1 -1 -1 -1 -1 -1
band_1548.jpg 1 -1 -1 -1 -1 -1
band_1549.jpg 1 -1 -1 -1 -1 -1
band_1550.jpg 1 -1 -1 -1 -1 -1
band_1551.jpg 1 -1 -1 -1 -1 -1
band_1552.jpg 1 -1 -1 -1 -1 -1
band_1553.jpg 1 -1 -1 -1 -1 -1
band_1554.jpg 1 -1 -1 -1 -1 -1
band_1555.jpg 1 -1 -1 -1 -1 -1
band_1556.jpg 1 -1 -1 -1 -1 -1
band_1557.jpg 1 -1 -1 -1 -1 -1
band_1558.jpg 1 -1 -1 -1 -1 -1
band_1559.jpg 1 -1 -1 -1 -1 -1
band_1560.jpg 1 -1 -1 -1 -1 -1
band_1561.jpg 1 -1 -1 -1 -1 -1
band_1562.jpg 1 -1 -1 -1 -1 -1
band_1563.jpg 1 -1 -1 -1 -1 -1
band_1564.jpg 1 -1 -1 -1 -1 -1
band_1565.jpg 1 -1 -1 -1 -1 -1
band_1566.jpg 1 -1 -1 -1 -1 -1
band_1567.jpg 1 -1 -1 -1 -1 -1
band_1568.jpg 1 -1 -1 -1 -1 -1
band_1569.jpg 1 -1 -1 -1 -1 -1
band_1570.jpg 1 -1 -1 -1 -1 -1
band_1571.jpg 1 -1 -1 -1 -1 -1
band_1572.jpg 1 -1 -1 -1 -1 -1
band_1573.jpg 1 -1 -1 -1 -1 -1
band_1574.jpg 1 -1 -1 -1 -1 -1
band_1575.jpg 1 -1 -1 -1 -1 -1
band_1576.jpg 1 -1 -1 -1 -1 -1
band_1577.jpg 1 -1 -1 -1 -1 -1
band_1578.jpg 1 -1 -1 -1 -1 -1
band_1579.jpg 1 -1 -1 -1 -1 -1
band_1580.jpg 1 -1 -1 -1 -1 -1
band_1581.jpg 1 -1 -1 -1 -1 -1
band_1582.jpg 1 -1 -1 -1 -1 -1
blast_0002.jpg -1 1 -1 -1 -1 -1
blast_0003.jpg -1 1 -1 -1 -1 -1
blast_0004.jpg -1 1 -1 -1 -1 -1
blast_0005.jpg -1 1 -1 -1 -1 -1
blast_0006.jpg -1 1 -1 -1 -1 -1
blast_0007.jpg -1 1 -1 -1 -1 -1
blast_0008.jpg -1 1 -1 -1 -1 -1
blast_0009.jpg -1 1 -1 -1 -1 -1
blast_0010.jpg -1 1 -1 -1 -1 -1
blast_0011.jpg -1 1 -1 -1 -1 -1
blast_0012.jpg -1 1 -1 -1 -1 -1
blast_0013.jpg -1 1 -1 -1 -1 -1
blast_0014.jpg -1 1 -1 -1 -1 -1
blast_0015.jpg -1 1 -1 -1 -1 -1
blast_0016.jpg -1 1 -1 -1 -1 -1
blast_0017.jpg -1 1 -1 -1 -1 -1
blast_0018.jpg -1 1 -1 -1 -1 -1
blast_0019.jpg -1 1 -1 -1 -1 -1
blast_0020.jpg -1 1 -1 -1 -1 -1
blast_0021.jpg -1 1 -1 -1 -1 -1
blast_0022.jpg -1 1 -1 -1 -1 -1
blast_0023.jpg -1 1 -1 -1 -1 -1
blast_0024.jpg -1 1 -1 -1 -1 -1
blast_0025.jpg -1 1 -1 -1 -1 -1
blast_0026.jpg -1 1 -1 -1 -1 -1
blast_0027.jpg -1 1 -1 -1 -1 -1
blast_0028.jpg -1 1 -1 -1 -1 -1
blast_0029.jpg -1 1 -1 -1 -1 -1
blast_0030.jpg -1 1 -1 -1 -1 -1
blast_0031.jpg -1 1 -1 -1 -1 -1
blast_0032.jpg -1 1 -1 -1 -1 -1
blast_0033.jpg -1 1 -1 -1 -1 -1
blast_0034.jpg -1 1 -1 -1 -1 -1
blast_0035.jpg -1 1 -1 -1 -1 -1
blast_0036.jpg -1 1 -1 -1 -1 -1
blast_0037.jpg -1 1 -1 -1 -1 -1
blast_0038.jpg -1 1 -1 -1 -1 -1
blast_0039.jpg -1 1 -1 -1 -1 -1
blast_0040.jpg -1 1 -1 -1 -1 -1
blast_0041.jpg -1 1 -1 -1 -1 -1
blast_0042.jpg -1 1 -1 -1 -1 -1
blast_0043.jpg -1 1 -1 -1 -1 -1
blast_0044.jpg -1 1 -1 -1 -1 -1
blast_0045.jpg -1 1 -1 -1 -1 -1
blast_0046.jpg -1 1 -1 -1 -1 -1
blast_0047.jpg -1 1 -1 -1 -1 -1
blast_0048.jpg -1 1 -1 -1 -1 -1
blast_0049.jpg -1 1 -1 -1 -1 -1
blast_0050.jpg -1 1 -1 -1 -1 -1
blast_0051.jpg -1 1 -1 -1 -1 -1
blast_0052.jpg -1 1 -1 -1 -1 -1
blast_0053.jpg -1 1 -1 -1 -1 -1
blast_0054.jpg -1 1 -1 -1 -1 -1
blast_0055.jpg -1 1 -1 -1 -1 -1
blast_0056.jpg -1 1 -1 -1 -1 -1
blast_0057.jpg -1 1 -1 -1 -1 -1
blast_0058.jpg -1 1 -1 -1 -1 -1
blast_0059.jpg -1 1 -1 -1 -1 -1
blast_0060.jpg -1 1 -1 -1 -1 -1
blast_0061.jpg -1 1 -1 -1 -1 -1
blast_0062.jpg -1 1 -1 -1 -1 -1
blast_0063.jpg -1 1 -1 -1 -1 -1
blast_0064.jpg -1 1 -1 -1 -1 -1
blast_0065.jpg -1 1 -1 -1 -1 -1
blast_0066.jpg -1 1 -1 -1 -1 -1
blast_0067.jpg -1 1 -1 -1 -1 -1
blast_0068.jpg -1 1 -1 -1 -1 -1
blast_0069.jpg -1 1 -1 -1 -1 -1
blast_0070.jpg -1 1 -1 -1 -1 -1
blast_0071.jpg -1 1 -1 -1 -1 -1
blast_0072.jpg -1 1 -1 -1 -1 -1
blast_0073.jpg -1 1 -1 -1 -1 -1
blast_0074.jpg -1 1 -1 -1 -1 -1
blast_0075.jpg -1 1 -1 -1 -1 -1
blast_0076.jpg -1 1 -1 -1 -1 -1
blast_0077.jpg -1 1 -1 -1 -1 -1
blast_0078.jpg -1 1 -1 -1 -1 -1
blast_0079.jpg -1 1 -1 -1 -1 -1
blast_0080.jpg -1 1 -1 -1 -1 -1
blast_0081.jpg -1 1 -1 -1 -1 -1
blast_0082.jpg -1 1 -1 -1 -1 -1
blast_0083.jpg -1 1 -1 -1 -1 -1
blast_0084.jpg -1 1 -1 -1 -1 -1
blast_0085.jpg -1 1 -1 -1 -1 -1
blast_0086.jpg -1 1 -1 -1 -1 -1
blast_0087.jpg -1 1 -1 -1 -1 -1
blast_0088.jpg -1 1 -1 -1 -1 -1
blast_0089.jpg -1 1 -1 -1 -1 -1
blast_0090.jpg -1 1 -1 -1 -1 -1
blast_0091.jpg -1 1 -1 -1 -1 -1
blast_0092.jpg -1 1 -1 -1 -1 -1
blast_0093.jpg -1 1 -1 -1 -1 -1
blast_0094.jpg -1 1 -1 -1 -1 -1
blast_0095.jpg -1 1 -1 -1 -1 -1
blast_0096.jpg -1 1 -1 -1 -1 -1
blast_0097.jpg -1 1 -1 -1 -1 -1
blast_0098.jpg -1 1 -1 -1 -1 -1
blast_0099.jpg -1 1 -1 -1 -1 -1
blast_0100.jpg -1 1 -1 -1 -1 -1
blast_0101.jpg -1 1 -1 -1 -1 -1
blast_0102.jpg -1 1 -1 -1 -1 -1
blast_0103.jpg -1 1 -1 -1 -1 -1
blast_0104.jpg -1 1 -1 -1 -1 -1
blast_0105.jpg -1 1 -1 -1 -1 -1
blast_0106.jpg -1 1 -1 -1 -1 -1
blast_0107.jpg -1 1 -1 -1 -1 -1
blast_0108.jpg -1 1 -1 -1 -1 -1
blast_0109.jpg -1 1 -1 -1 -1 -1
blast_0110.jpg -1 1 -1 -1 -1 -1
blast_0111.jpg -1 1 -1 -1 -1 -1
blast_0112.jpg -1 1 -1 -1 -1 -1
blast_0113.jpg -1 1 -1 -1 -1 -1
blast_0114.jpg -1 1 -1 -1 -1 -1
meta_0002.jpg -1 -1 1 -1 -1 -1
meta_0003.jpg -1 -1 1 -1 -1 -1
meta_0004.jpg -1 -1 1 -1 -1 -1
meta_0005.jpg -1 -1 1 -1 -1 -1
meta_0006.jpg -1 -1 1 -1 -1 -1
meta_0007.jpg -1 -1 1 -1 -1 -1
meta_0008.jpg -1 -1 1 -1 -1 -1
meta_0009.jpg -1 -1 1 -1 -1 -1
meta_0010.jpg -1 -1 1 -1 -1 -1
meta_0011.jpg -1 -1 1 -1 -1 -1
meta_0012.jpg -1 -1 1 -1 -1 -1
meta_0013.jpg -1 -1 1 -1 -1 -1
meta_0014.jpg -1 -1 1 -1 -1 -1
meta_0015.jpg -1 -1 1 -1 -1 -1
meta_0016.jpg -1 -1 1 -1 -1 -1
meta_0017.jpg -1 -1 1 -1 -1 -1
meta_0018.jpg -1 -1 1 -1 -1 -1
meta_0019.jpg -1 -1 1 -1 -1 -1
meta_0020.jpg -1 -1 1 -1 -1 -1
meta_0021.jpg -1 -1 1 -1 -1 -1
meta_0022.jpg -1 -1 1 -1 -1 -1
meta_0023.jpg -1 -1 1 -1 -1 -1
meta_0024.jpg -1 -1 1 -1 -1 -1
meta_0025.jpg -1 -1 1 -1 -1 -1
meta_0026.jpg -1 -1 1 -1 -1 -1
meta_0027.jpg -1 -1 1 -1 -1 -1
meta_0028.jpg -1 -1 1 -1 -1 -1
meta_0029.jpg -1 -1 1 -1 -1 -1
meta_0030.jpg -1 -1 1 -1 -1 -1
meta_0031.jpg -1 -1 1 -1 -1 -1
meta_0032.jpg -1 -1 1 -1 -1 -1
meta_0033.jpg -1 -1 1 -1 -1 -1
meta_0034.jpg -1 -1 1 -1 -1 -1
meta_0035.jpg -1 -1 1 -1 -1 -1
meta_0036.jpg -1 -1 1 -1 -1 -1
meta_0037.jpg -1 -1 1 -1 -1 -1
meta_0038.jpg -1 -1 1 -1 -1 -1
meta_0039.jpg -1 -1 1 -1 -1 -1
meta_0040.jpg -1 -1 1 -1 -1 -1
meta_0041.jpg -1 -1 1 -1 -1 -1
meta_0042.jpg -1 -1 1 -1 -1 -1
meta_0043.jpg -1 -1 1 -1 -1 -1
meta_0044.jpg -1 -1 1 -1 -1 -1
meta_0045.jpg -1 -1 1 -1 -1 -1
meta_0046.jpg -1 -1 1 -1 -1 -1
meta_0047.jpg -1 -1 1 -1 -1 -1
meta_0048.jpg -1 -1 1 -1 -1 -1
meta_0049.jpg -1 -1 1 -1 -1 -1
meta_0050.jpg -1 -1 1 -1 -1 -1
meta_0051.jpg -1 -1 1 -1 -1 -1
meta_0052.jpg -1 -1 1 -1 -1 -1
meta_0053.jpg -1 -1 1 -1 -1 -1
meta_0054.jpg -1 -1 1 -1 -1 -1
meta_0055.jpg -1 -1 1 -1 -1 -1
meta_0056.jpg -1 -1 1 -1 -1 -1
meta_0057.jpg -1 -1 1 -1 -1 -1
meta_0058.jpg -1 -1 1 -1 -1 -1
meta_0059.jpg -1 -1 1 -1 -1 -1
meta_0060.jpg -1 -1 1 -1 -1 -1
meta_0061.jpg -1 -1 1 -1 -1 -1
meta_0062.jpg -1 -1 1 -1 -1 -1
meta_0063.jpg -1 -1 1 -1 -1 -1
meta_0064.jpg -1 -1 1 -1 -1 -1
meta_0065.jpg -1 -1 1 -1 -1 -1
meta_0066.jpg -1 -1 1 -1 -1 -1
meta_0067.jpg -1 -1 1 -1 -1 -1
meta_0068.jpg -1 -1 1 -1 -1 -1
meta_0069.jpg -1 -1 1 -1 -1 -1
meta_0070.jpg -1 -1 1 -1 -1 -1
meta_0071.jpg -1 -1 1 -1 -1 -1
meta_0072.jpg -1 -1 1 -1 -1 -1
meta_0073.jpg -1 -1 1 -1 -1 -1
meta_0074.jpg -1 -1 1 -1 -1 -1
meta_0075.jpg -1 -1 1 -1 -1 -1
meta_0076.jpg -1 -1 1 -1 -1 -1
meta_0077.jpg -1 -1 1 -1 -1 -1
meta_0078.jpg -1 -1 1 -1 -1 -1
meta_0079.jpg -1 -1 1 -1 -1 -1
meta_0080.jpg -1 -1 1 -1 -1 -1
meta_0081.jpg -1 -1 1 -1 -1 -1
meta_0082.jpg -1 -1 1 -1 -1 -1
meta_0083.jpg -1 -1 1 -1 -1 -1
meta_0084.jpg -1 -1 1 -1 -1 -1
meta_0085.jpg -1 -1 1 -1 -1 -1
meta_0086.jpg -1 -1 1 -1 -1 -1
meta_0087.jpg -1 -1 1 -1 -1 -1
meta_0088.jpg -1 -1 1 -1 -1 -1
meta_0089.jpg -1 -1 1 -1 -1 -1
meta_0090.jpg -1 -1 1 -1 -1 -1
meta_0091.jpg -1 -1 1 -1 -1 -1
meta_0092.jpg -1 -1 1 -1 -1 -1
meta_0093.jpg -1 -1 1 -1 -1 -1
meta_0094.jpg -1 -1 1 -1 -1 -1
meta_0095.jpg -1 -1 1 -1 -1 -1
meta_0096.jpg -1 -1 1 -1 -1 -1
meta_0097.jpg -1 -1 1 -1 -1 -1
meta_0098.jpg -1 -1 1 -1 -1 -1
meta_0099.jpg -1 -1 1 -1 -1 -1
meta_0100.jpg -1 -1 1 -1 -1 -1
meta_0101.jpg -1 -1 1 -1 -1 -1
meta_0102.jpg -1 -1 1 -1 -1 -1
meta_0103.jpg -1 -1 1 -1 -1 -1
meta_0104.jpg -1 -1 1 -1 -1 -1
meta_0105.jpg -1 -1 1 -1 -1 -1
meta_0106.jpg -1 -1 1 -1 -1 -1
meta_0107.jpg -1 -1 1 -1 -1 -1
meta_0108.jpg -1 -1 1 -1 -1 -1
meta_0109.jpg -1 -1 1 -1 -1 -1
meta_0110.jpg -1 -1 1 -1 -1 -1
meta_0111.jpg -1 -1 1 -1 -1 -1
meta_0112.jpg -1 -1 1 -1 -1 -1
meta_0113.jpg -1 -1 1 -1 -1 -1
meta_0114.jpg -1 -1 1 -1 -1 -1
meta_0115.jpg -1 -1 1 -1 -1 -1
meta_0116.jpg -1 -1 1 -1 -1 -1
meta_0117.jpg -1 -1 1 -1 -1 -1
meta_0118.jpg -1 -1 1 -1 -1 -1
meta_0119.jpg -1 -1 1 -1 -1 -1
meta_0120.jpg -1 -1 1 -1 -1 -1
meta_0121.jpg -1 -1 1 -1 -1 -1
meta_0122.jpg -1 -1 1 -1 -1 -1
meta_0123.jpg -1 -1 1 -1 -1 -1
meta_0124.jpg -1 -1 1 -1 -1 -1
meta_0125.jpg -1 -1 1 -1 -1 -1
meta_0126.jpg -1 -1 1 -1 -1 -1
meta_0127.jpg -1 -1 1 -1 -1 -1
meta_0128.jpg -1 -1 1 -1 -1 -1
meta_0129.jpg -1 -1 1 -1 -1 -1
meta_0130.jpg -1 -1 1 -1 -1 -1
meta_0131.jpg -1 -1 1 -1 -1 -1
meta_0132.jpg -1 -1 1 -1 -1 -1
meta_0133.jpg -1 -1 1 -1 -1 -1
meta_0134.jpg -1 -1 1 -1 -1 -1
meta_0135.jpg -1 -1 1 -1 -1 -1
meta_0136.jpg -1 -1 1 -1 -1 -1
meta_0137.jpg -1 -1 1 -1 -1 -1
meta_0138.jpg -1 -1 1 -1 -1 -1
meta_0139.jpg -1 -1 1 -1 -1 -1
meta_0140.jpg -1 -1 1 -1 -1 -1
meta_0141.jpg -1 -1 1 -1 -1 -1
meta_0142.jpg -1 -1 1 -1 -1 -1
meta_0143.jpg -1 -1 1 -1 -1 -1
meta_0144.jpg -1 -1 1 -1 -1 -1
meta_0145.jpg -1 -1 1 -1 -1 -1
meta_0146.jpg -1 -1 1 -1 -1 -1
meta_0147.jpg -1 -1 1 -1 -1 -1
meta_0148.jpg -1 -1 1 -1 -1 -1
meta_0149.jpg -1 -1 1 -1 -1 -1
meta_0150.jpg -1 -1 1 -1 -1 -1
meta_0151.jpg -1 -1 1 -1 -1 -1
meta_0152.jpg -1 -1 1 -1 -1 -1
meta_0153.jpg -1 -1 1 -1 -1 -1
meta_0154.jpg -1 -1 1 -1 -1 -1
meta_0155.jpg -1 -1 1 -1 -1 -1
meta_0156.jpg -1 -1 1 -1 -1 -1
meta_0157.jpg -1 -1 1 -1 -1 -1
meta_0158.jpg -1 -1 1 -1 -1 -1
meta_0159.jpg -1 -1 1 -1 -1 -1
meta_0160.jpg -1 -1 1 -1 -1 -1
meta_0161.jpg -1 -1 1 -1 -1 -1
meta_0162.jpg -1 -1 1 -1 -1 -1
meta_0163.jpg -1 -1 1 -1 -1 -1
meta_0164.jpg -1 -1 1 -1 -1 -1
meta_0165.jpg -1 -1 1 -1 -1 -1
meta_0166.jpg -1 -1 1 -1 -1 -1
meta_0167.jpg -1 -1 1 -1 -1 -1
meta_0168.jpg -1 -1 1 -1 -1 -1
meta_0169.jpg -1 -1 1 -1 -1 -1
meta_0170.jpg -1 -1 1 -1 -1 -1
meta_0171.jpg -1 -1 1 -1 -1 -1
meta_0172.jpg -1 -1 1 -1 -1 -1
meta_0173.jpg -1 -1 1 -1 -1 -1
meta_0174.jpg -1 -1 1 -1 -1 -1
meta_0175.jpg -1 -1 1 -1 -1 -1
meta_0176.jpg -1 -1 1 -1 -1 -1
meta_0177.jpg -1 -1 1 -1 -1 -1
meta_0178.jpg -1 -1 1 -1 -1 -1
meta_0179.jpg -1 -1 1 -1 -1 -1
meta_0180.jpg -1 -1 1 -1 -1 -1
meta_0181.jpg -1 -1 1 -1 -1 -1
meta_0182.jpg -1 -1 1 -1 -1 -1
meta_0183.jpg -1 -1 1 -1 -1 -1
meta_0184.jpg -1 -1 1 -1 -1 -1
meta_0185.jpg -1 -1 1 -1 -1 -1
meta_0186.jpg -1 -1 1 -1 -1 -1
meta_0187.jpg -1 -1 1 -1 -1 -1
meta_0188.jpg -1 -1 1 -1 -1 -1
meta_0189.jpg -1 -1 1 -1 -1 -1
meta_0190.jpg -1 -1 1 -1 -1 -1
meta_0191.jpg -1 -1 1 -1 -1 -1
meta_0192.jpg -1 -1 1 -1 -1 -1
meta_0193.jpg -1 -1 1 -1 -1 -1
meta_0194.jpg -1 -1 1 -1 -1 -1
meta_0195.jpg -1 -1 1 -1 -1 -1
meta_0196.jpg -1 -1 1 -1 -1 -1
meta_0197.jpg -1 -1 1 -1 -1 -1
meta_0198.jpg -1 -1 1 -1 -1 -1
meta_0199.jpg -1 -1 1 -1 -1 -1
meta_0200.jpg -1 -1 1 -1 -1 -1
meta_0201.jpg -1 -1 1 -1 -1 -1
meta_0202.jpg -1 -1 1 -1 -1 -1
meta_0203.jpg -1 -1 1 -1 -1 -1
meta_0204.jpg -1 -1 1 -1 -1 -1
meta_0205.jpg -1 -1 1 -1 -1 -1
meta_0206.jpg -1 -1 1 -1 -1 -1
meta_0207.jpg -1 -1 1 -1 -1 -1
meta_0208.jpg -1 -1 1 -1 -1 -1
meta_0209.jpg -1 -1 1 -1 -1 -1
meta_0210.jpg -1 -1 1 -1 -1 -1
meta_0211.jpg -1 -1 1 -1 -1 -1
meta_0212.jpg -1 -1 1 -1 -1 -1
meta_0213.jpg -1 -1 1 -1 -1 -1
meta_0214.jpg -1 -1 1 -1 -1 -1
meta_0215.jpg -1 -1 1 -1 -1 -1
meta_0216.jpg -1 -1 1 -1 -1 -1
meta_0217.jpg -1 -1 1 -1 -1 -1
meta_0218.jpg -1 -1 1 -1 -1 -1
meta_0219.jpg -1 -1 1 -1 -1 -1
meta_0220.jpg -1 -1 1 -1 -1 -1
meta_0221.jpg -1 -1 1 -1 -1 -1
meta_0222.jpg -1 -1 1 -1 -1 -1
meta_0223.jpg -1 -1 1 -1 -1 -1
meta_0224.jpg -1 -1 1 -1 -1 -1
meta_0225.jpg -1 -1 1 -1 -1 -1
meta_0226.jpg -1 -1 1 -1 -1 -1
meta_0227.jpg -1 -1 1 -1 -1 -1
meta_0228.jpg -1 -1 1 -1 -1 -1
meta_0229.jpg -1 -1 1 -1 -1 -1
meta_0230.jpg -1 -1 1 -1 -1 -1
meta_0231.jpg -1 -1 1 -1 -1 -1
meta_0232.jpg -1 -1 1 -1 -1 -1
meta_0233.jpg -1 -1 1 -1 -1 -1
meta_0234.jpg -1 -1 1 -1 -1 -1
meta_0235.jpg -1 -1 1 -1 -1 -1
meta_0236.jpg -1 -1 1 -1 -1 -1
meta_0237.jpg -1 -1 1 -1 -1 -1
meta_0238.jpg -1 -1 1 -1 -1 -1
meta_0239.jpg -1 -1 1 -1 -1 -1
meta_0240.jpg -1 -1 1 -1 -1 -1
meta_0241.jpg -1 -1 1 -1 -1 -1
meta_0242.jpg -1 -1 1 -1 -1 -1
meta_0243.jpg -1 -1 1 -1 -1 -1
meta_0244.jpg -1 -1 1 -1 -1 -1
meta_0245.jpg -1 -1 1 -1 -1 -1
meta_0246.jpg -1 -1 1 -1 -1 -1
meta_0247.jpg -1 -1 1 -1 -1 -1
meta_0248.jpg -1 -1 1 -1 -1 -1
meta_0249.jpg -1 -1 1 -1 -1 -1
meta_0250.jpg -1 -1 1 -1 -1 -1
meta_0251.jpg -1 -1 1 -1 -1 -1
meta_0252.jpg -1 -1 1 -1 -1 -1
meta_0253.jpg -1 -1 1 -1 -1 -1
meta_0254.jpg -1 -1 1 -1 -1 -1
meta_0255.jpg -1 -1 1 -1 -1 -1
meta_0256.jpg -1 -1 1 -1 -1 -1
meta_0257.jpg -1 -1 1 -1 -1 -1
meta_0258.jpg -1 -1 1 -1 -1 -1
meta_0259.jpg -1 -1 1 -1 -1 -1
myelo_0002.jpg -1 -1 -1 1 -1 -1
myelo_0003.jpg -1 -1 -1 1 -1 -1
myelo_0004.jpg -1 -1 -1 1 -1 -1
myelo_0005.jpg -1 -1 -1 1 -1 -1
myelo_0006.jpg -1 -1 -1 1 -1 -1
myelo_0007.jpg -1 -1 -1 1 -1 -1
myelo_0008.jpg -1 -1 -1 1 -1 -1
myelo_0009.jpg -1 -1 -1 1 -1 -1
myelo_0010.jpg -1 -1 -1 1 -1 -1
myelo_0011.jpg -1 -1 -1 1 -1 -1
myelo_0012.jpg -1 -1 -1 1 -1 -1
myelo_0013.jpg -1 -1 -1 1 -1 -1
myelo_0014.jpg -1 -1 -1 1 -1 -1
myelo_0015.jpg -1 -1 -1 1 -1 -1
myelo_0016.jpg -1 -1 -1 1 -1 -1
myelo_0017.jpg -1 -1 -1 1 -1 -1
myelo_0018.jpg -1 -1 -1 1 -1 -1
myelo_0019.jpg -1 -1 -1 1 -1 -1
myelo_0020.jpg -1 -1 -1 1 -1 -1
myelo_0021.jpg -1 -1 -1 1 -1 -1
myelo_0022.jpg -1 -1 -1 1 -1 -1
myelo_0023.jpg -1 -1 -1 1 -1 -1
myelo_0024.jpg -1 -1 -1 1 -1 -1
myelo_0025.jpg -1 -1 -1 1 -1 -1
myelo_0026.jpg -1 -1 -1 1 -1 -1
myelo_0027.jpg -1 -1 -1 1 -1 -1
myelo_0028.jpg -1 -1 -1 1 -1 -1
myelo_0029.jpg -1 -1 -1 1 -1 -1
myelo_0030.jpg -1 -1 -1 1 -1 -1
myelo_0031.jpg -1 -1 -1 1 -1 -1
myelo_0032.jpg -1 -1 -1 1 -1 -1
myelo_0033.jpg -1 -1 -1 1 -1 -1
myelo_0034.jpg -1 -1 -1 1 -1 -1
myelo_0035.jpg -1 -1 -1 1 -1 -1
myelo_0036.jpg -1 -1 -1 1 -1 -1
myelo_0037.jpg -1 -1 -1 1 -1 -1
myelo_0038.jpg -1 -1 -1 1 -1 -1
myelo_0039.jpg -1 -1 -1 1 -1 -1
myelo_0040.jpg -1 -1 -1 1 -1 -1
myelo_0041.jpg -1 -1 -1 1 -1 -1
myelo_0042.jpg -1 -1 -1 1 -1 -1
myelo_0043.jpg -1 -1 -1 1 -1 -1
myelo_0044.jpg -1 -1 -1 1 -1 -1
myelo_0045.jpg -1 -1 -1 1 -1 -1
myelo_0046.jpg -1 -1 -1 1 -1 -1
myelo_0047.jpg -1 -1 -1 1 -1 -1
myelo_0048.jpg -1 -1 -1 1 -1 -1
myelo_0049.jpg -1 -1 -1 1 -1 -1
myelo_0050.jpg -1 -1 -1 1 -1 -1
myelo_0051.jpg -1 -1 -1 1 -1 -1
myelo_0052.jpg -1 -1 -1 1 -1 -1
myelo_0053.jpg -1 -1 -1 1 -1 -1
myelo_0054.jpg -1 -1 -1 1 -1 -1
myelo_0055.jpg -1 -1 -1 1 -1 -1
myelo_0056.jpg -1 -1 -1 1 -1 -1
myelo_0057.jpg -1 -1 -1 1 -1 -1
myelo_0058.jpg -1 -1 -1 1 -1 -1
myelo_0059.jpg -1 -1 -1 1 -1 -1
myelo_0060.jpg -1 -1 -1 1 -1 -1
myelo_0061.jpg -1 -1 -1 1 -1 -1
myelo_0062.jpg -1 -1 -1 1 -1 -1
myelo_0063.jpg -1 -1 -1 1 -1 -1
myelo_0064.jpg -1 -1 -1 1 -1 -1
myelo_0065.jpg -1 -1 -1 1 -1 -1
myelo_0066.jpg -1 -1 -1 1 -1 -1
myelo_0067.jpg -1 -1 -1 1 -1 -1
myelo_0068.jpg -1 -1 -1 1 -1 -1
myelo_0069.jpg -1 -1 -1 1 -1 -1
myelo_0070.jpg -1 -1 -1 1 -1 -1
myelo_0071.jpg -1 -1 -1 1 -1 -1
myelo_0072.jpg -1 -1 -1 1 -1 -1
myelo_0073.jpg -1 -1 -1 1 -1 -1
myelo_0074.jpg -1 -1 -1 1 -1 -1
myelo_0075.jpg -1 -1 -1 1 -1 -1
myelo_0076.jpg -1 -1 -1 1 -1 -1
myelo_0077.jpg -1 -1 -1 1 -1 -1
myelo_0078.jpg -1 -1 -1 1 -1 -1
myelo_0079.jpg -1 -1 -1 1 -1 -1
myelo_0080.jpg -1 -1 -1 1 -1 -1
myelo_0081.jpg -1 -1 -1 1 -1 -1
myelo_0082.jpg -1 -1 -1 1 -1 -1
myelo_0083.jpg -1 -1 -1 1 -1 -1
myelo_0084.jpg -1 -1 -1 1 -1 -1
myelo_0085.jpg -1 -1 -1 1 -1 -1
myelo_0086.jpg -1 -1 -1 1 -1 -1
myelo_0087.jpg -1 -1 -1 1 -1 -1
myelo_0088.jpg -1 -1 -1 1 -1 -1
myelo_0089.jpg -1 -1 -1 1 -1 -1
myelo_0090.jpg -1 -1 -1 1 -1 -1
myelo_0091.jpg -1 -1 -1 1 -1 -1
myelo_0092.jpg -1 -1 -1 1 -1 -1
myelo_0093.jpg -1 -1 -1 1 -1 -1
myelo_0094.jpg -1 -1 -1 1 -1 -1
myelo_0095.jpg -1 -1 -1 1 -1 -1
myelo_0096.jpg -1 -1 -1 1 -1 -1
myelo_0097.jpg -1 -1 -1 1 -1 -1
myelo_0098.jpg -1 -1 -1 1 -1 -1
myelo_0099.jpg -1 -1 -1 1 -1 -1
myelo_0100.jpg -1 -1 -1 1 -1 -1
myelo_0101.jpg -1 -1 -1 1 -1 -1
myelo_0102.jpg -1 -1 -1 1 -1 -1
myelo_0103.jpg -1 -1 -1 1 -1 -1
myelo_0104.jpg -1 -1 -1 1 -1 -1
myelo_0105.jpg -1 -1 -1 1 -1 -1
myelo_0106.jpg -1 -1 -1 1 -1 -1
myelo_0107.jpg -1 -1 -1 1 -1 -1
myelo_0108.jpg -1 -1 -1 1 -1 -1
myelo_0109.jpg -1 -1 -1 1 -1 -1
myelo_0110.jpg -1 -1 -1 1 -1 -1
myelo_0111.jpg -1 -1 -1 1 -1 -1
myelo_0112.jpg -1 -1 -1 1 -1 -1
myelo_0113.jpg -1 -1 -1 1 -1 -1
myelo_0114.jpg -1 -1 -1 1 -1 -1
myelo_0115.jpg -1 -1 -1 1 -1 -1
myelo_0116.jpg -1 -1 -1 1 -1 -1
myelo_0117.jpg -1 -1 -1 1 -1 -1
myelo_0118.jpg -1 -1 -1 1 -1 -1
myelo_0119.jpg -1 -1 -1 1 -1 -1
myelo_0120.jpg -1 -1 -1 1 -1 -1
myelo_0121.jpg -1 -1 -1 1 -1 -1
myelo_0122.jpg -1 -1 -1 1 -1 -1
myelo_0123.jpg -1 -1 -1 1 -1 -1
myelo_0124.jpg -1 -1 -1 1 -1 -1
myelo_0125.jpg -1 -1 -1 1 -1 -1
myelo_0126.jpg -1 -1 -1 1 -1 -1
myelo_0127.jpg -1 -1 -1 1 -1 -1
myelo_0128.jpg -1 -1 -1 1 -1 -1
myelo_0129.jpg -1 -1 -1 1 -1 -1
myelo_0130.jpg -1 -1 -1 1 -1 -1
myelo_0131.jpg -1 -1 -1 1 -1 -1
myelo_0132.jpg -1 -1 -1 1 -1 -1
myelo_0133.jpg -1 -1 -1 1 -1 -1
myelo_0134.jpg -1 -1 -1 1 -1 -1
myelo_0135.jpg -1 -1 -1 1 -1 -1
myelo_0136.jpg -1 -1 -1 1 -1 -1
myelo_0137.jpg -1 -1 -1 1 -1 -1
myelo_0138.jpg -1 -1 -1 1 -1 -1
myelo_0139.jpg -1 -1 -1 1 -1 -1
myelo_0140.jpg -1 -1 -1 1 -1 -1
myelo_0141.jpg -1 -1 -1 1 -1 -1
myelo_0142.jpg -1 -1 -1 1 -1 -1
myelo_0143.jpg -1 -1 -1 1 -1 -1
myelo_0144.jpg -1 -1 -1 1 -1 -1
myelo_0145.jpg -1 -1 -1 1 -1 -1
myelo_0146.jpg -1 -1 -1 1 -1 -1
myelo_0147.jpg -1 -1 -1 1 -1 -1
myelo_0148.jpg -1 -1 -1 1 -1 -1
myelo_0149.jpg -1 -1 -1 1 -1 -1
myelo_0150.jpg -1 -1 -1 1 -1 -1
myelo_0151.jpg -1 -1 -1 1 -1 -1
myelo_0152.jpg -1 -1 -1 1 -1 -1
myelo_0153.jpg -1 -1 -1 1 -1 -1
myelo_0154.jpg -1 -1 -1 1 -1 -1
myelo_0155.jpg -1 -1 -1 1 -1 -1
myelo_0156.jpg -1 -1 -1 1 -1 -1
myelo_0157.jpg -1 -1 -1 1 -1 -1
myelo_0158.jpg -1 -1 -1 1 -1 -1
myelo_0159.jpg -1 -1 -1 1 -1 -1
myelo_0160.jpg -1 -1 -1 1 -1 -1
myelo_0161.jpg -1 -1 -1 1 -1 -1
myelo_0162.jpg -1 -1 -1 1 -1 -1
myelo_0163.jpg -1 -1 -1 1 -1 -1
myelo_0164.jpg -1 -1 -1 1 -1 -1
myelo_0165.jpg -1 -1 -1 1 -1 -1
myelo_0166.jpg -1 -1 -1 1 -1 -1
myelo_0167.jpg -1 -1 -1 1 -1 -1
myelo_0168.jpg -1 -1 -1 1 -1 -1
myelo_0169.jpg -1 -1 -1 1 -1 -1
myelo_0170.jpg -1 -1 -1 1 -1 -1
promyelo_0002.jpg -1 -1 -1 -1 1 -1
promyelo_0003.jpg -1 -1 -1 -1 1 -1
promyelo_0004.jpg -1 -1 -1 -1 1 -1
promyelo_0005.jpg -1 -1 -1 -1 1 -1
promyelo_0006.jpg -1 -1 -1 -1 1 -1
promyelo_0007.jpg -1 -1 -1 -1 1 -1
promyelo_0008.jpg -1 -1 -1 -1 1 -1
promyelo_0009.jpg -1 -1 -1 -1 1 -1
promyelo_0010.jpg -1 -1 -1 -1 1 -1
promyelo_0011.jpg -1 -1 -1 -1 1 -1
promyelo_0012.jpg -1 -1 -1 -1 1 -1
promyelo_0013.jpg -1 -1 -1 -1 1 -1
promyelo_0014.jpg -1 -1 -1 -1 1 -1
promyelo_0015.jpg -1 -1 -1 -1 1 -1
promyelo_0016.jpg -1 -1 -1 -1 1 -1
promyelo_0017.jpg -1 -1 -1 -1 1 -1
promyelo_0018.jpg -1 -1 -1 -1 1 -1
promyelo_0019.jpg -1 -1 -1 -1 1 -1
promyelo_0020.jpg -1 -1 -1 -1 1 -1
promyelo_0021.jpg -1 -1 -1 -1 1 -1
promyelo_0022.jpg -1 -1 -1 -1 1 -1
promyelo_0023.jpg -1 -1 -1 -1 1 -1
promyelo_0024.jpg -1 -1 -1 -1 1 -1
promyelo_0025.jpg -1 -1 -1 -1 1 -1
promyelo_0026.jpg -1 -1 -1 -1 1 -1
promyelo_0027.jpg -1 -1 -1 -1 1 -1
promyelo_0028.jpg -1 -1 -1 -1 1 -1
promyelo_0029.jpg -1 -1 -1 -1 1 -1
seg_0002.jpg -1 -1 -1 -1 -1 1
seg_0003.jpg -1 -1 -1 -1 -1 1
seg_0004.jpg -1 -1 -1 -1 -1 1
seg_0005.jpg -1 -1 -1 -1 -1 1
seg_0006.jpg -1 -1 -1 -1 -1 1
seg_0007.jpg -1 -1 -1 -1 -1 1
seg_0008.jpg -1 -1 -1 -1 -1 1
seg_0009.jpg -1 -1 -1 -1 -1 1
seg_0010.jpg -1 -1 -1 -1 -1 1
seg_0011.jpg -1 -1 -1 -1 -1 1
seg_0012.jpg -1 -1 -1 -1 -1 1
seg_0013.jpg -1 -1 -1 -1 -1 1
seg_0014.jpg -1 -1 -1 -1 -1 1
seg_0015.jpg -1 -1 -1 -1 -1 1
seg_0016.jpg -1 -1 -1 -1 -1 1
seg_0017.jpg -1 -1 -1 -1 -1 1
seg_0018.jpg -1 -1 -1 -1 -1 1
seg_0019.jpg -1 -1 -1 -1 -1 1
seg_0020.jpg -1 -1 -1 -1 -1 1
seg_0021.jpg -1 -1 -1 -1 -1 1
seg_0022.jpg -1 -1 -1 -1 -1 1
seg_0023.jpg -1 -1 -1 -1 -1 1
seg_0024.jpg -1 -1 -1 -1 -1 1
seg_0025.jpg -1 -1 -1 -1 -1 1
seg_0026.jpg -1 -1 -1 -1 -1 1
seg_0027.jpg -1 -1 -1 -1 -1 1
seg_0028.jpg -1 -1 -1 -1 -1 1
seg_0029.jpg -1 -1 -1 -1 -1 1
seg_0030.jpg -1 -1 -1 -1 -1 1
seg_0031.jpg -1 -1 -1 -1 -1 1
seg_0032.jpg -1 -1 -1 -1 -1 1
seg_0033.jpg -1 -1 -1 -1 -1 1
seg_0034.jpg -1 -1 -1 -1 -1 1
seg_0035.jpg -1 -1 -1 -1 -1 1
seg_0036.jpg -1 -1 -1 -1 -1 1
seg_0037.jpg -1 -1 -1 -1 -1 1
seg_0038.jpg -1 -1 -1 -1 -1 1
seg_0039.jpg -1 -1 -1 -1 -1 1
seg_0040.jpg -1 -1 -1 -1 -1 1
seg_0041.jpg -1 -1 -1 -1 -1 1
seg_0042.jpg -1 -1 -1 -1 -1 1
seg_0043.jpg -1 -1 -1 -1 -1 1
seg_0044.jpg -1 -1 -1 -1 -1 1
seg_0045.jpg -1 -1 -1 -1 -1 1
seg_0046.jpg -1 -1 -1 -1 -1 1
seg_0047.jpg -1 -1 -1 -1 -1 1
seg_0048.jpg -1 -1 -1 -1 -1 1
seg_0049.jpg -1 -1 -1 -1 -1 1
seg_0050.jpg -1 -1 -1 -1 -1 1
seg_0051.jpg -1 -1 -1 -1 -1 1
seg_0052.jpg -1 -1 -1 -1 -1 1
seg_0053.jpg -1 -1 -1 -1 -1 1
seg_0054.jpg -1 -1 -1 -1 -1 1
seg_0055.jpg -1 -1 -1 -1 -1 1
seg_0056.jpg -1 -1 -1 -1 -1 1
seg_0057.jpg -1 -1 -1 -1 -1 1
seg_0058.jpg -1 -1 -1 -1 -1 1
seg_0059.jpg -1 -1 -1 -1 -1 1
seg_0060.jpg -1 -1 -1 -1 -1 1
seg_0061.jpg -1 -1 -1 -1 -1 1
seg_0062.jpg -1 -1 -1 -1 -1 1
seg_0063.jpg -1 -1 -1 -1 -1 1
seg_0064.jpg -1 -1 -1 -1 -1 1
seg_0065.jpg -1 -1 -1 -1 -1 1
seg_0066.jpg -1 -1 -1 -1 -1 1
seg_0067.jpg -1 -1 -1 -1 -1 1
seg_0068.jpg -1 -1 -1 -1 -1 1
seg_0069.jpg -1 -1 -1 -1 -1 1
seg_0070.jpg -1 -1 -1 -1 -1 1
seg_0071.jpg -1 -1 -1 -1 -1 1
seg_0072.jpg -1 -1 -1 -1 -1 1
seg_0073.jpg -1 -1 -1 -1 -1 1
seg_0074.jpg -1 -1 -1 -1 -1 1
seg_0075.jpg -1 -1 -1 -1 -1 1
seg_0076.jpg -1 -1 -1 -1 -1 1
seg_0077.jpg -1 -1 -1 -1 -1 1
seg_0078.jpg -1 -1 -1 -1 -1 1
seg_0079.jpg -1 -1 -1 -1 -1 1
seg_0080.jpg -1 -1 -1 -1 -1 1
seg_0081.jpg -1 -1 -1 -1 -1 1
seg_0082.jpg -1 -1 -1 -1 -1 1
seg_0083.jpg -1 -1 -1 -1 -1 1
seg_0084.jpg -1 -1 -1 -1 -1 1
seg_0085.jpg -1 -1 -1 -1 -1 1
seg_0086.jpg -1 -1 -1 -1 -1 1
seg_0087.jpg -1 -1 -1 -1 -1 1
seg_0088.jpg -1 -1 -1 -1 -1 1
seg_0089.jpg -1 -1 -1 -1 -1 1
seg_0090.jpg -1 -1 -1 -1 -1 1
seg_0091.jpg -1 -1 -1 -1 -1 1
seg_0092.jpg -1 -1 -1 -1 -1 1
seg_0093.jpg -1 -1 -1 -1 -1 1
seg_0094.jpg -1 -1 -1 -1 -1 1
seg_0095.jpg -1 -1 -1 -1 -1 1
seg_0096.jpg -1 -1 -1 -1 -1 1
seg_0097.jpg -1 -1 -1 -1 -1 1
seg_0098.jpg -1 -1 -1 -1 -1 1
seg_0099.jpg -1 -1 -1 -1 -1 1
seg_0100.jpg -1 -1 -1 -1 -1 1
seg_0101.jpg -1 -1 -1 -1 -1 1
seg_0102.jpg -1 -1 -1 -1 -1 1
seg_0103.jpg -1 -1 -1 -1 -1 1
seg_0104.jpg -1 -1 -1 -1 -1 1
seg_0105.jpg -1 -1 -1 -1 -1 1
seg_0106.jpg -1 -1 -1 -1 -1 1
seg_0107.jpg -1 -1 -1 -1 -1 1
seg_0108.jpg -1 -1 -1 -1 -1 1
seg_0109.jpg -1 -1 -1 -1 -1 1
seg_0110.jpg -1 -1 -1 -1 -1 1
seg_0111.jpg -1 -1 -1 -1 -1 1
seg_0112.jpg -1 -1 -1 -1 -1 1
seg_0113.jpg -1 -1 -1 -1 -1 1
seg_0114.jpg -1 -1 -1 -1 -1 1
seg_0115.jpg -1 -1 -1 -1 -1 1
seg_0116.jpg -1 -1 -1 -1 -1 1
seg_0117.jpg -1 -1 -1 -1 -1 1
seg_0118.jpg -1 -1 -1 -1 -1 1
seg_0119.jpg -1 -1 -1 -1 -1 1
seg_0120.jpg -1 -1 -1 -1 -1 1
seg_0121.jpg -1 -1 -1 -1 -1 1
seg_0122.jpg -1 -1 -1 -1 -1 1
seg_0123.jpg -1 -1 -1 -1 -1 1
seg_0124.jpg -1 -1 -1 -1 -1 1
seg_0125.jpg -1 -1 -1 -1 -1 1
seg_0126.jpg -1 -1 -1 -1 -1 1
seg_0127.jpg -1 -1 -1 -1 -1 1
seg_0128.jpg -1 -1 -1 -1 -1 1
seg_0129.jpg -1 -1 -1 -1 -1 1
seg_0130.jpg -1 -1 -1 -1 -1 1
seg_0131.jpg -1 -1 -1 -1 -1 1
seg_0132.jpg -1 -1 -1 -1 -1 1
seg_0133.jpg -1 -1 -1 -1 -1 1
seg_0134.jpg -1 -1 -1 -1 -1 1
seg_0135.jpg -1 -1 -1 -1 -1 1
seg_0136.jpg -1 -1 -1 -1 -1 1
seg_0137.jpg -1 -1 -1 -1 -1 1
seg_0138.jpg -1 -1 -1 -1 -1 1
seg_0139.jpg -1 -1 -1 -1 -1 1
seg_0140.jpg -1 -1 -1 -1 -1 1
seg_0141.jpg -1 -1 -1 -1 -1 1
seg_0142.jpg -1 -1 -1 -1 -1 1
seg_0143.jpg -1 -1 -1 -1 -1 1
seg_0144.jpg -1 -1 -1 -1 -1 1
seg_0145.jpg -1 -1 -1 -1 -1 1
seg_0146.jpg -1 -1 -1 -1 -1 1
seg_0147.jpg -1 -1 -1 -1 -1 1
seg_0148.jpg -1 -1 -1 -1 -1 1
seg_0149.jpg -1 -1 -1 -1 -1 1
seg_0150.jpg -1 -1 -1 -1 -1 1
seg_0151.jpg -1 -1 -1 -1 -1 1
seg_0152.jpg -1 -1 -1 -1 -1 1
seg_0153.jpg -1 -1 -1 -1 -1 1
seg_0154.jpg -1 -1 -1 -1 -1 1
seg_0155.jpg -1 -1 -1 -1 -1 1
seg_0156.jpg -1 -1 -1 -1 -1 1
seg_0157.jpg -1 -1 -1 -1 -1 1
seg_0158.jpg -1 -1 -1 -1 -1 1
seg_0159.jpg -1 -1 -1 -1 -1 1
seg_0160.jpg -1 -1 -1 -1 -1 1
seg_0161.jpg -1 -1 -1 -1 -1 1
seg_0162.jpg -1 -1 -1 -1 -1 1
seg_0163.jpg -1 -1 -1 -1 -1 1
seg_0164.jpg -1 -1 -1 -1 -1 1
seg_0165.jpg -1 -1 -1 -1 -1 1
seg_0166.jpg -1 -1 -1 -1 -1 1
seg_0167.jpg -1 -1 -1 -1 -1 1
seg_0168.jpg -1 -1 -1 -1 -1 1
seg_0169.jpg -1 -1 -1 -1 -1 1
seg_0170.jpg -1 -1 -1 -1 -1 1
seg_0171.jpg -1 -1 -1 -1 -1 1
seg_0172.jpg -1 -1 -1 -1 -1 1
seg_0173.jpg -1 -1 -1 -1 -1 1
seg_0174.jpg -1 -1 -1 -1 -1 1
seg_0175.jpg -1 -1 -1 -1 -1 1
seg_0176.jpg -1 -1 -1 -1 -1 1
seg_0177.jpg -1 -1 -1 -1 -1 1
seg_0178.jpg -1 -1 -1 -1 -1 1
seg_0179.jpg -1 -1 -1 -1 -1 1
seg_0180.jpg -1 -1 -1 -1 -1 1
seg_0181.jpg -1 -1 -1 -1 -1 1
seg_0182.jpg -1 -1 -1 -1 -1 1
seg_0183.jpg -1 -1 -1 -1 -1 1
seg_0184.jpg -1 -1 -1 -1 -1 1
seg_0185.jpg -1 -1 -1 -1 -1 1
seg_0186.jpg -1 -1 -1 -1 -1 1
seg_0187.jpg -1 -1 -1 -1 -1 1
seg_0188.jpg -1 -1 -1 -1 -1 1
seg_0189.jpg -1 -1 -1 -1 -1 1
seg_0190.jpg -1 -1 -1 -1 -1 1
seg_0191.jpg -1 -1 -1 -1 -1 1
seg_0192.jpg -1 -1 -1 -1 -1 1
seg_0193.jpg -1 -1 -1 -1 -1 1
seg_0194.jpg -1 -1 -1 -1 -1 1
seg_0195.jpg -1 -1 -1 -1 -1 1
seg_0196.jpg -1 -1 -1 -1 -1 1
seg_0197.jpg -1 -1 -1 -1 -1 1
seg_0198.jpg -1 -1 -1 -1 -1 1
seg_0199.jpg -1 -1 -1 -1 -1 1
seg_0200.jpg -1 -1 -1 -1 -1 1
seg_0201.jpg -1 -1 -1 -1 -1 1
seg_0202.jpg -1 -1 -1 -1 -1 1
seg_0203.jpg -1 -1 -1 -1 -1 1
seg_0204.jpg -1 -1 -1 -1 -1 1
seg_0205.jpg -1 -1 -1 -1 -1 1
seg_0206.jpg -1 -1 -1 -1 -1 1
seg_0207.jpg -1 -1 -1 -1 -1 1
seg_0208.jpg -1 -1 -1 -1 -1 1
seg_0209.jpg -1 -1 -1 -1 -1 1
seg_0210.jpg -1 -1 -1 -1 -1 1
seg_0211.jpg -1 -1 -1 -1 -1 1
seg_0212.jpg -1 -1 -1 -1 -1 1
seg_0213.jpg -1 -1 -1 -1 -1 1
seg_0214.jpg -1 -1 -1 -1 -1 1
seg_0215.jpg -1 -1 -1 -1 -1 1
seg_0216.jpg -1 -1 -1 -1 -1 1
seg_0217.jpg -1 -1 -1 -1 -1 1
seg_0218.jpg -1 -1 -1 -1 -1 1
seg_0219.jpg -1 -1 -1 -1 -1 1
seg_0220.jpg -1 -1 -1 -1 -1 1
seg_0221.jpg -1 -1 -1 -1 -1 1
seg_0222.jpg -1 -1 -1 -1 -1 1
seg_0223.jpg -1 -1 -1 -1 -1 1
seg_0224.jpg -1 -1 -1 -1 -1 1
seg_0225.jpg -1 -1 -1 -1 -1 1
seg_0226.jpg -1 -1 -1 -1 -1 1
seg_0227.jpg -1 -1 -1 -1 -1 1
seg_0228.jpg -1 -1 -1 -1 -1 1
seg_0229.jpg -1 -1 -1 -1 -1 1
seg_0230.jpg -1 -1 -1 -1 -1 1
seg_0231.jpg -1 -1 -1 -1 -1 1
seg_0232.jpg -1 -1 -1 -1 -1 1
seg_0233.jpg -1 -1 -1 -1 -1 1
seg_0234.jpg -1 -1 -1 -1 -1 1
seg_0235.jpg -1 -1 -1 -1 -1 1
seg_0236.jpg -1 -1 -1 -1 -1 1
seg_0237.jpg -1 -1 -1 -1 -1 1
seg_0238.jpg -1 -1 -1 -1 -1 1
seg_0239.jpg -1 -1 -1 -1 -1 1
seg_0240.jpg -1 -1 -1 -1 -1 1
seg_0241.jpg -1 -1 -1 -1 -1 1
seg_0242.jpg -1 -1 -1 -1 -1 1
seg_0243.jpg -1 -1 -1 -1 -1 1
seg_0244.jpg -1 -1 -1 -1 -1 1
seg_0245.jpg -1 -1 -1 -1 -1 1
seg_0246.jpg -1 -1 -1 -1 -1 1
seg_0247.jpg -1 -1 -1 -1 -1 1
seg_0248.jpg -1 -1 -1 -1 -1 1
seg_0249.jpg -1 -1 -1 -1 -1 1
seg_0250.jpg -1 -1 -1 -1 -1 1
seg_0251.jpg -1 -1 -1 -1 -1 1
seg_0252.jpg -1 -1 -1 -1 -1 1
seg_0253.jpg -1 -1 -1 -1 -1 1
seg_0254.jpg -1 -1 -1 -1 -1 1
seg_0255.jpg -1 -1 -1 -1 -1 1
seg_0256.jpg -1 -1 -1 -1 -1 1
seg_0257.jpg -1 -1 -1 -1 -1 1
seg_0258.jpg -1 -1 -1 -1 -1 1
seg_0259.jpg -1 -1 -1 -1 -1 1
seg_0260.jpg -1 -1 -1 -1 -1 1
seg_0261.jpg -1 -1 -1 -1 -1 1
seg_0262.jpg -1 -1 -1 -1 -1 1
seg_0263.jpg -1 -1 -1 -1 -1 1
seg_0264.jpg -1 -1 -1 -1 -1 1
seg_0265.jpg -1 -1 -1 -1 -1 1
seg_0266.jpg -1 -1 -1 -1 -1 1
seg_0267.jpg -1 -1 -1 -1 -1 1
seg_0268.jpg -1 -1 -1 -1 -1 1
seg_0269.jpg -1 -1 -1 -1 -1 1
seg_0270.jpg -1 -1 -1 -1 -1 1
seg_0271.jpg -1 -1 -1 -1 -1 1
seg_0272.jpg -1 -1 -1 -1 -1 1
seg_0273.jpg -1 -1 -1 -1 -1 1
seg_0274.jpg -1 -1 -1 -1 -1 1
seg_0275.jpg -1 -1 -1 -1 -1 1
seg_0276.jpg -1 -1 -1 -1 -1 1
seg_0277.jpg -1 -1 -1 -1 -1 1
seg_0278.jpg -1 -1 -1 -1 -1 1
seg_0279.jpg -1 -1 -1 -1 -1 1
seg_0280.jpg -1 -1 -1 -1 -1 1
seg_0281.jpg -1 -1 -1 -1 -1 1
seg_0282.jpg -1 -1 -1 -1 -1 1
seg_0283.jpg -1 -1 -1 -1 -1 1
seg_0284.jpg -1 -1 -1 -1 -1 1
seg_0285.jpg -1 -1 -1 -1 -1 1
seg_0286.jpg -1 -1 -1 -1 -1 1
seg_0287.jpg -1 -1 -1 -1 -1 1
seg_0288.jpg -1 -1 -1 -1 -1 1
seg_0289.jpg -1 -1 -1 -1 -1 1
seg_0290.jpg -1 -1 -1 -1 -1 1
seg_0291.jpg -1 -1 -1 -1 -1 1
seg_0292.jpg -1 -1 -1 -1 -1 1
seg_0293.jpg -1 -1 -1 -1 -1 1
seg_0294.jpg -1 -1 -1 -1 -1 1
seg_0295.jpg -1 -1 -1 -1 -1 1
seg_0296.jpg -1 -1 -1 -1 -1 1
seg_0297.jpg -1 -1 -1 -1 -1 1
seg_0298.jpg -1 -1 -1 -1 -1 1
seg_0299.jpg -1 -1 -1 -1 -1 1
seg_0300.jpg -1 -1 -1 -1 -1 1
seg_0301.jpg -1 -1 -1 -1 -1 1
seg_0302.jpg -1 -1 -1 -1 -1 1
seg_0303.jpg -1 -1 -1 -1 -1 1
seg_0304.jpg -1 -1 -1 -1 -1 1
seg_0305.jpg -1 -1 -1 -1 -1 1
seg_0306.jpg -1 -1 -1 -1 -1 1
seg_0307.jpg -1 -1 -1 -1 -1 1
seg_0308.jpg -1 -1 -1 -1 -1 1
seg_0309.jpg -1 -1 -1 -1 -1 1
seg_0310.jpg -1 -1 -1 -1 -1 1
seg_0311.jpg -1 -1 -1 -1 -1 1
seg_0312.jpg -1 -1 -1 -1 -1 1
seg_0313.jpg -1 -1 -1 -1 -1 1
seg_0314.jpg -1 -1 -1 -1 -1 1
seg_0315.jpg -1 -1 -1 -1 -1 1
seg_0316.jpg -1 -1 -1 -1 -1 1
seg_0317.jpg -1 -1 -1 -1 -1 1
seg_0318.jpg -1 -1 -1 -1 -1 1
seg_0319.jpg -1 -1 -1 -1 -1 1
seg_0320.jpg -1 -1 -1 -1 -1 1
seg_0321.jpg -1 -1 -1 -1 -1 1
seg_0322.jpg -1 -1 -1 -1 -1 1
seg_0323.jpg -1 -1 -1 -1 -1 1
seg_0324.jpg -1 -1 -1 -1 -1 1
seg_0325.jpg -1 -1 -1 -1 -1 1
seg_0326.jpg -1 -1 -1 -1 -1 1
seg_0327.jpg -1 -1 -1 -1 -1 1
seg_0328.jpg -1 -1 -1 -1 -1 1
seg_0329.jpg -1 -1 -1 -1 -1 1
seg_0330.jpg -1 -1 -1 -1 -1 1
seg_0331.jpg -1 -1 -1 -1 -1 1
seg_0332.jpg -1 -1 -1 -1 -1 1
seg_0333.jpg -1 -1 -1 -1 -1 1
seg_0334.jpg -1 -1 -1 -1 -1 1
seg_0335.jpg -1 -1 -1 -1 -1 1
seg_0336.jpg -1 -1 -1 -1 -1 1
seg_0337.jpg -1 -1 -1 -1 -1 1
seg_0338.jpg -1 -1 -1 -1 -1 1
seg_0339.jpg -1 -1 -1 -1 -1 1
seg_0340.jpg -1 -1 -1 -1 -1 1
seg_0341.jpg -1 -1 -1 -1 -1 1
seg_0342.jpg -1 -1 -1 -1 -1 1
seg_0343.jpg -1 -1 -1 -1 -1 1
seg_0344.jpg -1 -1 -1 -1 -1 1
seg_0345.jpg -1 -1 -1 -1 -1 1
seg_0346.jpg -1 -1 -1 -1 -1 1
seg_0347.jpg -1 -1 -1 -1 -1 1
seg_0348.jpg -1 -1 -1 -1 -1 1
seg_0349.jpg -1 -1 -1 -1 -1 1
seg_0350.jpg -1 -1 -1 -1 -1 1
seg_0351.jpg -1 -1 -1 -1 -1 1
seg_0352.jpg -1 -1 -1 -1 -1 1
seg_0353.jpg -1 -1 -1 -1 -1 1
seg_0354.jpg -1 -1 -1 -1 -1 1
seg_0355.jpg -1 -1 -1 -1 -1 1
seg_0356.jpg -1 -1 -1 -1 -1 1
seg_0357.jpg -1 -1 -1 -1 -1 1
seg_0358.jpg -1 -1 -1 -1 -1 1
seg_0359.jpg -1 -1 -1 -1 -1 1
seg_0360.jpg -1 -1 -1 -1 -1 1
seg_0361.jpg -1 -1 -1 -1 -1 1
seg_0362.jpg -1 -1 -1 -1 -1 1
seg_0363.jpg -1 -1 -1 -1 -1 1
seg_0364.jpg -1 -1 -1 -1 -1 1
seg_0365.jpg -1 -1 -1 -1 -1 1
seg_0366.jpg -1 -1 -1 -1 -1 1
seg_0367.jpg -1 -1 -1 -1 -1 1
seg_0368.jpg -1 -1 -1 -1 -1 1
seg_0369.jpg -1 -1 -1 -1 -1 1
seg_0370.jpg -1 -1 -1 -1 -1 1
seg_0371.jpg -1 -1 -1 -1 -1 1
seg_0372.jpg -1 -1 -1 -1 -1 1
seg_0373.jpg -1 -1 -1 -1 -1 1
seg_0374.jpg -1 -1 -1 -1 -1 1
seg_0375.jpg -1 -1 -1 -1 -1 1
seg_0376.jpg -1 -1 -1 -1 -1 1
seg_0377.jpg -1 -1 -1 -1 -1 1
seg_0378.jpg -1 -1 -1 -1 -1 1
seg_0379.jpg -1 -1 -1 -1 -1 1
seg_0380.jpg -1 -1 -1 -1 -1 1
seg_0381.jpg -1 -1 -1 -1 -1 1
seg_0382.jpg -1 -1 -1 -1 -1 1
seg_0383.jpg -1 -1 -1 -1 -1 1
seg_0384.jpg -1 -1 -1 -1 -1 1
seg_0385.jpg -1 -1 -1 -1 -1 1
seg_0386.jpg -1 -1 -1 -1 -1 1
seg_0387.jpg -1 -1 -1 -1 -1 1
seg_0388.jpg -1 -1 -1 -1 -1 1
seg_0389.jpg -1 -1 -1 -1 -1 1
seg_0390.jpg -1 -1 -1 -1 -1 1
seg_0391.jpg -1 -1 -1 -1 -1 1
seg_0392.jpg -1 -1 -1 -1 -1 1
seg_0393.jpg -1 -1 -1 -1 -1 1
seg_0394.jpg -1 -1 -1 -1 -1 1
seg_0395.jpg -1 -1 -1 -1 -1 1
seg_0396.jpg -1 -1 -1 -1 -1 1
seg_0397.jpg -1 -1 -1 -1 -1 1
seg_0398.jpg -1 -1 -1 -1 -1 1
seg_0399.jpg -1 -1 -1 -1 -1 1
seg_0400.jpg -1 -1 -1 -1 -1 1
seg_0401.jpg -1 -1 -1 -1 -1 1
seg_0402.jpg -1 -1 -1 -1 -1 1
seg_0403.jpg -1 -1 -1 -1 -1 1
seg_0404.jpg -1 -1 -1 -1 -1 1
seg_0405.jpg -1 -1 -1 -1 -1 1
seg_0406.jpg -1 -1 -1 -1 -1 1
seg_0407.jpg -1 -1 -1 -1 -1 1
seg_0408.jpg -1 -1 -1 -1 -1 1
seg_0409.jpg -1 -1 -1 -1 -1 1
seg_0410.jpg -1 -1 -1 -1 -1 1
seg_0411.jpg -1 -1 -1 -1 -1 1
seg_0412.jpg -1 -1 -1 -1 -1 1
seg_0413.jpg -1 -1 -1 -1 -1 1
seg_0414.jpg -1 -1 -1 -1 -1 1
seg_0415.jpg -1 -1 -1 -1 -1 1
seg_0416.jpg -1 -1 -1 -1 -1 1
seg_0417.jpg -1 -1 -1 -1 -1 1
seg_0418.jpg -1 -1 -1 -1 -1 1
seg_0419.jpg -1 -1 -1 -1 -1 1
seg_0420.jpg -1 -1 -1 -1 -1 1
seg_0421.jpg -1 -1 -1 -1 -1 1
seg_0422.jpg -1 -1 -1 -1 -1 1
seg_0423.jpg -1 -1 -1 -1 -1 1
seg_0424.jpg -1 -1 -1 -1 -1 1
seg_0425.jpg -1 -1 -1 -1 -1 1
seg_0426.jpg -1 -1 -1 -1 -1 1
seg_0427.jpg -1 -1 -1 -1 -1 1
seg_0428.jpg -1 -1 -1 -1 -1 1
seg_0429.jpg -1 -1 -1 -1 -1 1
seg_0430.jpg -1 -1 -1 -1 -1 1
seg_0431.jpg -1 -1 -1 -1 -1 1
seg_0432.jpg -1 -1 -1 -1 -1 1
seg_0433.jpg -1 -1 -1 -1 -1 1
seg_0434.jpg -1 -1 -1 -1 -1 1
seg_0435.jpg -1 -1 -1 -1 -1 1
seg_0436.jpg -1 -1 -1 -1 -1 1
seg_0437.jpg -1 -1 -1 -1 -1 1
seg_0438.jpg -1 -1 -1 -1 -1 1
seg_0439.jpg -1 -1 -1 -1 -1 1
seg_0440.jpg -1 -1 -1 -1 -1 1
seg_0441.jpg -1 -1 -1 -1 -1 1
seg_0442.jpg -1 -1 -1 -1 -1 1
seg_0443.jpg -1 -1 -1 -1 -1 1
seg_0444.jpg -1 -1 -1 -1 -1 1
seg_0445.jpg -1 -1 -1 -1 -1 1
seg_0446.jpg -1 -1 -1 -1 -1 1
seg_0447.jpg -1 -1 -1 -1 -1 1
seg_0448.jpg -1 -1 -1 -1 -1 1
seg_0449.jpg -1 -1 -1 -1 -1 1
seg_0450.jpg -1 -1 -1 -1 -1 1
seg_0451.jpg -1 -1 -1 -1 -1 1
seg_0452.jpg -1 -1 -1 -1 -1 1
seg_0453.jpg -1 -1 -1 -1 -1 1
seg_0454.jpg -1 -1 -1 -1 -1 1
seg_0455.jpg -1 -1 -1 -1 -1 1
seg_0456.jpg -1 -1 -1 -1 -1 1
seg_0457.jpg -1 -1 -1 -1 -1 1
seg_0458.jpg -1 -1 -1 -1 -1 1
seg_0459.jpg -1 -1 -1 -1 -1 1
seg_0460.jpg -1 -1 -1 -1 -1 1
seg_0461.jpg -1 -1 -1 -1 -1 1
seg_0462.jpg -1 -1 -1 -1 -1 1
seg_0463.jpg -1 -1 -1 -1 -1 1
seg_0464.jpg -1 -1 -1 -1 -1 1
seg_0465.jpg -1 -1 -1 -1 -1 1
seg_0466.jpg -1 -1 -1 -1 -1 1
seg_0467.jpg -1 -1 -1 -1 -1 1
seg_0468.jpg -1 -1 -1 -1 -1 1
seg_0469.jpg -1 -1 -1 -1 -1 1
seg_0470.jpg -1 -1 -1 -1 -1 1
seg_0471.jpg -1 -1 -1 -1 -1 1
seg_0472.jpg -1 -1 -1 -1 -1 1
seg_0473.jpg -1 -1 -1 -1 -1 1
seg_0474.jpg -1 -1 -1 -1 -1 1
seg_0475.jpg -1 -1 -1 -1 -1 1
seg_0476.jpg -1 -1 -1 -1 -1 1
seg_0477.jpg -1 -1 -1 -1 -1 1
seg_0478.jpg -1 -1 -1 -1 -1 1
seg_0479.jpg -1 -1 -1 -1 -1 1
seg_0480.jpg -1 -1 -1 -1 -1 1
seg_0481.jpg -1 -1 -1 -1 -1 1
seg_0482.jpg -1 -1 -1 -1 -1 1
seg_0483.jpg -1 -1 -1 -1 -1 1
seg_0484.jpg -1 -1 -1 -1 -1 1
seg_0485.jpg -1 -1 -1 -1 -1 1
seg_0486.jpg -1 -1 -1 -1 -1 1
seg_0487.jpg -1 -1 -1 -1 -1 1
seg_0488.jpg -1 -1 -1 -1 -1 1
seg_0489.jpg -1 -1 -1 -1 -1 1
seg_0490.jpg -1 -1 -1 -1 -1 1
seg_0491.jpg -1 -1 -1 -1 -1 1
seg_0492.jpg -1 -1 -1 -1 -1 1
seg_0493.jpg -1 -1 -1 -1 -1 1
seg_0494.jpg -1 -1 -1 -1 -1 1
seg_0495.jpg -1 -1 -1 -1 -1 1
seg_0496.jpg -1 -1 -1 -1 -1 1
seg_0497.jpg -1 -1 -1 -1 -1 1
seg_0498.jpg -1 -1 -1 -1 -1 1
seg_0499.jpg -1 -1 -1 -1 -1 1
seg_0500.jpg -1 -1 -1 -1 -1 1
seg_0501.jpg -1 -1 -1 -1 -1 1
seg_0502.jpg -1 -1 -1 -1 -1 1
seg_0503.jpg -1 -1 -1 -1 -1 1
seg_0504.jpg -1 -1 -1 -1 -1 1
seg_0505.jpg -1 -1 -1 -1 -1 1
seg_0506.jpg -1 -1 -1 -1 -1 1
seg_0507.jpg -1 -1 -1 -1 -1 1
seg_0508.jpg -1 -1 -1 -1 -1 1
seg_0509.jpg -1 -1 -1 -1 -1 1
seg_0510.jpg -1 -1 -1 -1 -1 1
seg_0511.jpg -1 -1 -1 -1 -1 1
seg_0512.jpg -1 -1 -1 -1 -1 1
seg_0513.jpg -1 -1 -1 -1 -1 1
seg_0514.jpg -1 -1 -1 -1 -1 1
seg_0515.jpg -1 -1 -1 -1 -1 1
seg_0516.jpg -1 -1 -1 -1 -1 1
seg_0517.jpg -1 -1 -1 -1 -1 1
seg_0518.jpg -1 -1 -1 -1 -1 1
seg_0519.jpg -1 -1 -1 -1 -1 1
seg_0520.jpg -1 -1 -1 -1 -1 1
seg_0521.jpg -1 -1 -1 -1 -1 1
seg_0522.jpg -1 -1 -1 -1 -1 1
seg_0523.jpg -1 -1 -1 -1 -1 1
seg_0524.jpg -1 -1 -1 -1 -1 1
seg_0525.jpg -1 -1 -1 -1 -1 1
seg_0526.jpg -1 -1 -1 -1 -1 1
seg_0527.jpg -1 -1 -1 -1 -1 1
seg_0528.jpg -1 -1 -1 -1 -1 1
seg_0529.jpg -1 -1 -1 -1 -1 1
seg_0530.jpg -1 -1 -1 -1 -1 1
seg_0531.jpg -1 -1 -1 -1 -1 1
seg_0532.jpg -1 -1 -1 -1 -1 1
seg_0533.jpg -1 -1 -1 -1 -1 1
seg_0534.jpg -1 -1 -1 -1 -1 1
seg_0535.jpg -1 -1 -1 -1 -1 1
seg_0536.jpg -1 -1 -1 -1 -1 1
seg_0537.jpg -1 -1 -1 -1 -1 1
seg_0538.jpg -1 -1 -1 -1 -1 1
seg_0539.jpg -1 -1 -1 -1 -1 1
seg_0540.jpg -1 -1 -1 -1 -1 1
seg_0541.jpg -1 -1 -1 -1 -1 1
seg_0542.jpg -1 -1 -1 -1 -1 1
seg_0543.jpg -1 -1 -1 -1 -1 1
seg_0544.jpg -1 -1 -1 -1 -1 1
seg_0545.jpg -1 -1 -1 -1 -1 1
seg_0546.jpg -1 -1 -1 -1 -1 1
seg_0547.jpg -1 -1 -1 -1 -1 1
seg_0548.jpg -1 -1 -1 -1 -1 1
seg_0549.jpg -1 -1 -1 -1 -1 1
seg_0550.jpg -1 -1 -1 -1 -1 1
seg_0551.jpg -1 -1 -1 -1 -1 1
seg_0552.jpg -1 -1 -1 -1 -1 1
seg_0553.jpg -1 -1 -1 -1 -1 1
seg_0554.jpg -1 -1 -1 -1 -1 1
seg_0555.jpg -1 -1 -1 -1 -1 1
seg_0556.jpg -1 -1 -1 -1 -1 1
seg_0557.jpg -1 -1 -1 -1 -1 1
seg_0558.jpg -1 -1 -1 -1 -1 1
seg_0559.jpg -1 -1 -1 -1 -1 1
seg_0560.jpg -1 -1 -1 -1 -1 1
seg_0561.jpg -1 -1 -1 -1 -1 1
seg_0562.jpg -1 -1 -1 -1 -1 1
seg_0563.jpg -1 -1 -1 -1 -1 1
seg_0564.jpg -1 -1 -1 -1 -1 1
seg_0565.jpg -1 -1 -1 -1 -1 1
seg_0566.jpg -1 -1 -1 -1 -1 1
seg_0567.jpg -1 -1 -1 -1 -1 1
seg_0568.jpg -1 -1 -1 -1 -1 1
seg_0569.jpg -1 -1 -1 -1 -1 1
seg_0570.jpg -1 -1 -1 -1 -1 1
seg_0571.jpg -1 -1 -1 -1 -1 1
seg_0572.jpg -1 -1 -1 -1 -1 1
seg_0573.jpg -1 -1 -1 -1 -1 1
seg_0574.jpg -1 -1 -1 -1 -1 1
seg_0575.jpg -1 -1 -1 -1 -1 1
seg_0576.jpg -1 -1 -1 -1 -1 1
seg_0577.jpg -1 -1 -1 -1 -1 1
seg_0578.jpg -1 -1 -1 -1 -1 1
seg_0579.jpg -1 -1 -1 -1 -1 1
seg_0580.jpg -1 -1 -1 -1 -1 1
seg_0581.jpg -1 -1 -1 -1 -1 1
seg_0582.jpg -1 -1 -1 -1 -1 1
seg_0583.jpg -1 -1 -1 -1 -1 1
seg_0584.jpg -1 -1 -1 -1 -1 1
seg_0585.jpg -1 -1 -1 -1 -1 1
seg_0586.jpg -1 -1 -1 -1 -1 1
seg_0587.jpg -1 -1 -1 -1 -1 1
seg_0588.jpg -1 -1 -1 -1 -1 1
seg_0589.jpg -1 -1 -1 -1 -1 1
seg_0590.jpg -1 -1 -1 -1 -1 1
seg_0591.jpg -1 -1 -1 -1 -1 1
seg_0592.jpg -1 -1 -1 -1 -1 1
seg_0593.jpg -1 -1 -1 -1 -1 1
seg_0594.jpg -1 -1 -1 -1 -1 1
seg_0595.jpg -1 -1 -1 -1 -1 1
seg_0596.jpg -1 -1 -1 -1 -1 1
seg_0597.jpg -1 -1 -1 -1 -1 1
seg_0598.jpg -1 -1 -1 -1 -1 1
seg_0599.jpg -1 -1 -1 -1 -1 1
seg_0600.jpg -1 -1 -1 -1 -1 1
seg_0601.jpg -1 -1 -1 -1 -1 1
seg_0602.jpg -1 -1 -1 -1 -1 1
seg_0603.jpg -1 -1 -1 -1 -1 1
seg_0604.jpg -1 -1 -1 -1 -1 1
seg_0605.jpg -1 -1 -1 -1 -1 1
seg_0606.jpg -1 -1 -1 -1 -1 1
seg_0607.jpg -1 -1 -1 -1 -1 1
seg_0608.jpg -1 -1 -1 -1 -1 1
seg_0609.jpg -1 -1 -1 -1 -1 1
seg_0610.jpg -1 -1 -1 -1 -1 1
seg_0611.jpg -1 -1 -1 -1 -1 1
seg_0612.jpg -1 -1 -1 -1 -1 1
seg_0613.jpg -1 -1 -1 -1 -1 1
seg_0614.jpg -1 -1 -1 -1 -1 1
seg_0615.jpg -1 -1 -1 -1 -1 1
seg_0616.jpg -1 -1 -1 -1 -1 1
seg_0617.jpg -1 -1 -1 -1 -1 1
seg_0618.jpg -1 -1 -1 -1 -1 1
seg_0619.jpg -1 -1 -1 -1 -1 1
seg_0620.jpg -1 -1 -1 -1 -1 1
seg_0621.jpg -1 -1 -1 -1 -1 1
seg_0622.jpg -1 -1 -1 -1 -1 1
seg_0623.jpg -1 -1 -1 -1 -1 1
seg_0624.jpg -1 -1 -1 -1 -1 1
seg_0625.jpg -1 -1 -1 -1 -1 1
seg_0626.jpg -1 -1 -1 -1 -1 1
seg_0627.jpg -1 -1 -1 -1 -1 1
seg_0628.jpg -1 -1 -1 -1 -1 1
seg_0629.jpg -1 -1 -1 -1 -1 1
seg_0630.jpg -1 -1 -1 -1 -1 1
seg_0631.jpg -1 -1 -1 -1 -1 1
seg_0632.jpg -1 -1 -1 -1 -1 1
seg_0633.jpg -1 -1 -1 -1 -1 1
seg_0634.jpg -1 -1 -1 -1 -1 1
seg_0635.jpg -1 -1 -1 -1 -1 1
seg_0636.jpg -1 -1 -1 -1 -1 1
seg_0637.jpg -1 -1 -1 -1 -1 1
seg_0638.jpg -1 -1 -1 -1 -1 1
seg_0639.jpg -1 -1 -1 -1 -1 1
seg_0640.jpg -1 -1 -1 -1 -1 1
seg_0641.jpg -1 -1 -1 -1 -1 1
seg_0642.jpg -1 -1 -1 -1 -1 1
seg_0643.jpg -1 -1 -1 -1 -1 1
seg_0644.jpg -1 -1 -1 -1 -1 1
seg_0645.jpg -1 -1 -1 -1 -1 1
seg_0646.jpg -1 -1 -1 -1 -1 1
seg_0647.jpg -1 -1 -1 -1 -1 1
seg_0648.jpg -1 -1 -1 -1 -1 1
seg_0649.jpg -1 -1 -1 -1 -1 1
seg_0650.jpg -1 -1 -1 -1 -1 1
seg_0651.jpg -1 -1 -1 -1 -1 1
seg_0652.jpg -1 -1 -1 -1 -1 1
seg_0653.jpg -1 -1 -1 -1 -1 1
seg_0654.jpg -1 -1 -1 -1 -1 1
seg_0655.jpg -1 -1 -1 -1 -1 1
seg_0656.jpg -1 -1 -1 -1 -1 1
seg_0657.jpg -1 -1 -1 -1 -1 1
seg_0658.jpg -1 -1 -1 -1 -1 1
seg_0659.jpg -1 -1 -1 -1 -1 1
seg_0660.jpg -1 -1 -1 -1 -1 1
seg_0661.jpg -1 -1 -1 -1 -1 1
seg_0662.jpg -1 -1 -1 -1 -1 1
seg_0663.jpg -1 -1 -1 -1 -1 1
seg_0664.jpg -1 -1 -1 -1 -1 1
seg_0665.jpg -1 -1 -1 -1 -1 1
seg_0666.jpg -1 -1 -1 -1 -1 1
seg_0667.jpg -1 -1 -1 -1 -1 1
seg_0668.jpg -1 -1 -1 -1 -1 1
seg_0669.jpg -1 -1 -1 -1 -1 1
seg_0670.jpg -1 -1 -1 -1 -1 1
seg_0671.jpg -1 -1 -1 -1 -1 1
seg_0672.jpg -1 -1 -1 -1 -1 1
seg_0673.jpg -1 -1 -1 -1 -1 1
blast_0000.jpg -1 1 -1 -1 -1 -1
blast_0001.jpg -1 1 -1 -1 -1 -1
promyelo_0000.jpg -1 -1 -1 -1 1 -1
promyelo_0001.jpg -1 -1 -1 -1 1 -1
myelo_0000.jpg -1 -1 -1 1 -1 -1
myelo_0001.jpg -1 -1 -1 1 -1 -1
meta_0000.jpg -1 -1 1 -1 -1 -1
meta_0001.jpg -1 -1 1 -1 -1 -1
band_0000.jpg 1 -1 -1 -1 -1 -1
band_0001.jpg 1 -1 -1 -1 -1 -1
seg_0000.jpg -1 -1 -1 -1 -1 1
seg_0001.jpg -1 -1 -1 -1 -1 1
band_1583.jpg 1 -1 -1 -1 -1 -1
band_1584.jpg 1 -1 -1 -1 -1 -1
band_1585.jpg 1 -1 -1 -1 -1 -1
blast_0115.jpg -1 1 -1 -1 -1 -1
blast_0116.jpg -1 1 -1 -1 -1 -1
meta_0260.jpg -1 -1 1 -1 -1 -1
meta_0261.jpg -1 -1 1 -1 -1 -1
myelo_0171.jpg -1 -1 -1 1 -1 -1
myelo_0172.jpg -1 -1 -1 1 -1 -1
promyelo_0030.jpg -1 -1 -1 -1 1 -1
seg_0674.jpg -1 -1 -1 -1 -1 1
seg_0675.jpg -1 -1 -1 -1 -1 1